Country,Confirmed,Deaths,Recovered,Active,New Cases,Deaths / 100 Cases,Recovered / 100 Cases,Deaths / 100 Recovered,Population,Cases / Million People,Confirmed last week,1 week change,1 week % increase
Afghanistan,199188,7800,0,191388,121,3.92,0.0,0.0,38928341,5117.0,198163,1025,0.52
Albania,332221,3589,0,328632,48,1.08,0.0,0.0,2877800,115443.0,331908,313,0.09
Algeria,270673,6879,0,263794,5,2.54,0.0,0.0,43851043,6173.0,270631,42,0.02
Andorra,46227,155,0,46072,0,0.34,0.0,0.0,77265,598292.0,46147,80,0.17
Angola,103131,1917,0,101214,0,1.86,0.0,0.0,32866268,3138.0,103131,0,0.0
Antarctica,11,0,0,11,0,0.0,0.0,0.0,0,143281.79591836734,11,0,0.0
Antigua and Barbuda,9098,146,0,8952,0,1.6,0.0,0.0,97928,92905.0,9008,90,1.0
Argentina,9708420,129897,0,9578523,0,1.34,0.0,0.0,45195777,214808.0,9703938,4482,0.05
Armenia,442875,8683,0,434192,0,1.96,0.0,0.0,2963234,149457.0,441444,1431,0.32
Australia,10239653,15221,0,10224432,1231,0.15,0.0,0.0,50919400,201095.0,10201791,37862,0.37
Austria,5131527,20743,0,5110784,13015,0.4,0.0,0.0,9006400,569765.0,5058191,73336,1.45
Azerbaijan,821440,9917,0,811523,129,1.21,0.0,0.0,10139175,81016.0,820513,927,0.11
Bahamas,37290,833,0,36457,14,2.23,0.0,0.0,393248,94826.0,37258,32,0.09
Bahrain,680559,1520,0,679039,288,0.22,0.0,0.0,1701583,399956.0,677961,2598,0.38
Bangladesh,2025197,29363,0,1995834,708,1.45,0.0,0.0,164689383,12297.0,2020768,4429,0.22
Barbados,102580,560,0,102020,34,0.55,0.0,0.0,287371,356960.0,102383,197,0.19
Belarus,994037,7118,0,986919,0,0.72,0.0,0.0,9449321,105197.0,994037,0,0.0
Belgium,4544505,32673,0,4511832,0,0.72,0.0,0.0,22985282,197714.0,4525931,18574,0.41
Belize,68854,686,0,68168,28,1.0,0.0,0.0,397621,173165.0,68784,70,0.1
Benin,27638,163,0,27475,0,0.59,0.0,0.0,12123198,2280.0,27638,0,0.0
Bhutan,61969,21,0,61948,0,0.03,0.0,0.0,771612,80311.0,61730,239,0.39
Bolivia,1108262,22237,0,1086025,67,2.01,0.0,0.0,11673029,94942.0,1107689,573,0.05
Bosnia and Herzegovina,398750,16137,0,382613,82,4.05,0.0,0.0,3280815,121540.0,398221,529,0.13
Botswana,326308,2789,0,323519,0,0.85,0.0,0.0,2351625,138759.0,326127,181,0.06
Brazil,34672524,686036,0,33986488,18334,1.98,0.0,0.0,422706534,82025.0,34624427,48097,0.14
Brunei,227756,225,0,227531,0,0.1,0.0,0.0,437483,520605.0,226237,1519,0.67
Bulgaria,1259471,37718,0,1221753,801,2.99,0.0,0.0,6948445,181259.0,1254682,4789,0.38
Burkina Faso,21631,387,0,21244,0,1.79,0.0,0.0,20903278,1035.0,21128,503,2.38
Burma,622802,19459,0,603343,0,3.12,0.0,0.0,54409800,11447.0,620744,2058,0.33
Burundi,50193,38,0,50155,64,0.08,0.0,0.0,11890781,4221.0,50066,127,0.25
Cabo Verde,62374,410,0,61964,3,0.66,0.0,0.0,555988,112186.0,62358,16,0.03
Cambodia,137877,3056,0,134821,7,2.22,0.0,0.0,16718971,8247.0,137827,50,0.04
Cameroon,121652,1935,0,119717,0,1.59,0.0,0.0,26545864,4583.0,121652,0,0.0
Canada,4279316,45421,0,4233895,886,1.06,0.0,0.0,76492216,55944.0,4262446,16870,0.4
Central African Republic,14913,113,0,14800,0,0.76,0.0,0.0,4829764,3088.0,14904,9,0.06
Chad,7583,193,0,7390,0,2.55,0.0,0.0,16425859,462.0,7573,10,0.13
Chile,4624307,61154,0,4563153,3930,1.32,0.0,0.0,36692988,126027.0,4599179,25128,0.55
China,2757442,15393,0,2742049,4886,0.56,0.0,0.0,2829703778,974.0,2722353,35089,1.29
Colombia,6307372,141794,0,6165578,0,2.25,0.0,0.0,99141018,63620.0,6306552,820,0.01
Comoros,8471,161,0,8310,0,1.9,0.0,0.0,869595,9741.0,8471,0,0.0
Congo (Brazzaville),24837,386,0,24451,0,1.55,0.0,0.0,89561403,277.0,24837,0,0.0
Congo (Kinshasa),92893,1443,0,91450,41,1.55,0.0,0.0,5518087,16834.0,92852,41,0.04
Costa Rica,1117989,8970,0,1109019,0,0.8,0.0,0.0,5094114,219467.0,1111969,6020,0.54
Cote d'Ivoire,87208,826,0,86382,0,0.95,0.0,0.0,26378274,3306.0,87123,85,0.1
Croatia,1232379,16908,0,1215471,804,1.37,0.0,0.0,4105268,300195.0,1227852,4527,0.37
Cuba,1111186,8530,0,1102656,7,0.77,0.0,0.0,11326616,98104.0,1111109,77,0.01
Cyprus,587994,1182,0,586812,2681,0.2,0.0,0.0,1207361,487008.0,585313,2681,0.46
Czechia,4108046,41104,0,4066942,3884,1.0,0.0,0.0,10708981,383608.0,4089884,18162,0.44
Denmark,3346163,7123,0,3339040,1241,0.21,0.0,0.0,5942850,563057.0,3337913,8250,0.25
Diamond Princess,712,13,0,699,0,1.83,0.0,0.0,0,143281.79591836734,712,0,0.0
Djibouti,15690,189,0,15501,0,1.2,0.0,0.0,988002,15881.0,15690,0,0.0
Dominica,15747,74,0,15673,0,0.47,0.0,0.0,71991,218736.0,14852,895,6.03
Dominican Republic,644356,4384,0,639972,0,0.68,0.0,0.0,10847904,59399.0,644356,0,0.0
Ecuador,1003778,35894,0,967884,0,3.58,0.0,0.0,17643060,56894.0,1002057,1721,0.17
Egypt,515645,24797,0,490848,0,4.81,0.0,0.0,102334403,5039.0,515645,0,0.0
El Salvador,201785,4229,0,197556,0,2.1,0.0,0.0,6486201,31110.0,201785,0,0.0
Equatorial Guinea,17012,183,0,16829,0,1.08,0.0,0.0,1402985,12126.0,17009,3,0.02
Eritrea,10170,103,0,10067,1,1.01,0.0,0.0,3546427,2868.0,10168,2,0.02
Estonia,601993,2681,0,599312,0,0.45,0.0,0.0,1326539,453807.0,600796,1197,0.2
Eswatini,73390,1422,0,71968,0,1.94,0.0,0.0,1160164,63258.0,73379,11,0.01
Ethiopia,493579,7572,0,486007,16,1.53,0.0,0.0,114963583,4293.0,493498,81,0.02
Fiji,68242,878,0,67364,0,1.29,0.0,0.0,896444,76125.0,68234,8,0.01
Finland,1292940,5981,0,1286959,0,0.46,0.0,0.0,5540718,233352.0,1287044,5896,0.46
France,35608285,156152,0,35452133,48261,0.44,0.0,0.0,68128061,522667.0,35304648,303637,0.86
Gabon,48691,306,0,48385,0,0.63,0.0,0.0,2225728,21876.0,48691,0,0.0
Gambia,12508,372,0,12136,0,2.97,0.0,0.0,2416664,5176.0,12508,0,0.0
Georgia,1780691,16900,0,1763791,0,0.95,0.0,0.0,3989175,446381.0,1780691,0,0.0
Germany,33386229,150064,0,33236165,73856,0.45,0.0,0.0,166310062,200747.0,32952050,434179,1.32
Ghana,169100,1459,0,167641,0,0.86,0.0,0.0,31072945,5442.0,168813,287,0.17
Greece,4920192,33111,0,4887081,0,0.67,0.0,0.0,10423056,472049.0,4875215,44977,0.92
Grenada,19536,237,0,19299,0,1.21,0.0,0.0,112519,173624.0,19516,20,0.1
Guatemala,1124467,19795,0,1104672,1002,1.76,0.0,0.0,17915567,62765.0,1119277,5190,0.46
Guinea,37652,449,0,37203,0,1.19,0.0,0.0,13132792,2867.0,37652,0,0.0
Guinea-Bissau,8796,175,0,8621,0,1.99,0.0,0.0,1967998,4470.0,8796,0,0.0
Guyana,71340,1281,0,70059,4,1.8,0.0,0.0,786559,90699.0,71311,29,0.04
Haiti,33733,857,0,32876,0,2.54,0.0,0.0,11402533,2958.0,33733,0,0.0
Holy See,29,0,0,29,0,0.0,0.0,0.0,809,35847.0,29,0,0.0
Honduras,456391,10993,0,445398,0,2.41,0.0,0.0,9904608,46079.0,456106,285,0.06
Hungary,2094142,47503,0,2046639,0,2.27,0.0,0.0,9660350,216777.0,2082750,11392,0.55
Iceland,205637,213,0,205424,0,0.1,0.0,0.0,341250,602599.0,205454,183,0.09
India,44591112,528655,0,44062457,3805,1.19,0.0,0.0,2751341248,16207.0,44563337,27775,0.06
Indonesia,6431624,158112,0,6273512,1857,2.46,0.0,0.0,273523621,23514.0,6419394,12230,0.19
Iran,7548648,144426,0,7404222,328,1.91,0.0,0.0,83992953,89872.0,7546276,2372,0.03
Iraq,2459982,25355,0,2434627,0,1.03,0.0,0.0,40222503,61159.0,2459249,733,0.03
Ireland,1663653,7942,0,1655711,0,0.48,0.0,0.0,4937796,336922.0,1662008,1645,0.1
Israel,4662570,11698,0,4650872,1483,0.25,0.0,0.0,8655541,538680.0,4655355,7215,0.15
Italy,22467278,177092,0,22290186,34475,0.79,0.0,0.0,120822834,185952.0,22262452,204826,0.92
Jamaica,151829,3317,0,148512,0,2.18,0.0,0.0,2961161,51273.0,151542,287,0.19
Japan,21147468,44580,0,21102888,0,0.21,0.0,0.0,252643406,83705.0,20974356,173112,0.83
Jordan,1746997,14122,0,1732875,0,0.81,0.0,0.0,10203140,171222.0,1745032,1965,0.11
Kazakhstan,1483609,19050,0,1464559,97,1.28,0.0,0.0,18776707,79013.0,1483024,585,0.04
Kenya,338434,5678,0,332756,14,1.68,0.0,0.0,53771300,6294.0,338379,55,0.02
Kiribati,3430,13,0,3417,0,0.38,0.0,0.0,117606,29165.0,3430,0,0.0
"Korea, North",1,6,0,-5,0,600.0,0.0,0.0,25778815,0.0,1,0,0.0
"Korea, South",24796014,28445,0,24767569,26913,0.11,0.0,0.0,51269183,483644.0,24594336,201678,0.82
Kosovo,272067,3199,0,268868,9,1.18,0.0,0.0,1793000,151738.0,272040,27,0.01
Kuwait,658520,2563,0,655957,0,0.39,0.0,0.0,4270563,154200.0,658520,0,0.0
Kyrgyzstan,206083,2991,0,203092,0,1.45,0.0,0.0,6524191,31588.0,205998,85,0.04
Laos,215860,758,0,215102,17,0.35,0.0,0.0,7275556,29669.0,215691,169,0.08
Latvia,930254,5994,0,924260,1203,0.64,0.0,0.0,1886202,493189.0,921974,8280,0.9
Lebanon,1215805,10676,0,1205129,294,0.88,0.0,0.0,6825442,178128.0,1214561,1244,0.1
Lesotho,34490,706,0,33784,0,2.05,0.0,0.0,2142252,16100.0,34490,0,0.0
Liberia,7961,294,0,7667,0,3.69,0.0,0.0,5057677,1574.0,7961,0,0.0
Libya,506994,6437,0,500557,3,1.27,0.0,0.0,6871287,73784.0,506954,40,0.01
Liechtenstein,19713,86,0,19627,0,0.44,0.0,0.0,38137,516900.0,19490,223,1.14
Lithuania,1250158,9320,0,1240838,1024,0.75,0.0,0.0,2722291,459230.0,1242730,7428,0.6
Luxembourg,291758,1129,0,290629,378,0.39,0.0,0.0,625976,466085.0,289831,1927,0.66
MS Zaandam,9,2,0,7,0,22.22,0.0,0.0,0,143281.79591836734,9,0,0.0
Madagascar,66676,1410,0,65266,0,2.11,0.0,0.0,27691019,2408.0,66660,16,0.02
Malawi,88028,2682,0,85346,4,3.05,0.0,0.0,19129955,4602.0,88005,23,0.03
Malaysia,4840879,36374,0,4804505,2007,0.75,0.0,0.0,64998698,74477.0,4828290,12589,0.26
Maldives,185042,308,0,184734,0,0.17,0.0,0.0,540542,342327.0,185004,38,0.02
Mali,32638,742,0,31896,13,2.27,0.0,0.0,20250834,1612.0,32595,43,0.13
Malta,114692,806,0,113886,40,0.7,0.0,0.0,441539,259755.0,114534,158,0.14
Marshall Islands,15305,17,0,15288,0,0.11,0.0,0.0,58413,262014.0,15224,81,0.53
Mauritania,62815,995,0,61820,3,1.58,0.0,0.0,4649660,13510.0,62789,26,0.04
Mauritius,262648,1026,0,261622,0,0.39,0.0,0.0,1271767,206522.0,260947,1701,0.65
Mexico,7089209,330112,0,6759097,1397,4.66,0.0,0.0,255584572,27737.0,7080152,9057,0.13
Micronesia,10814,31,0,10783,0,0.29,0.0,0.0,113815,95014.0,10057,757,7.53
Moldova,589437,11844,0,577593,0,2.01,0.0,0.0,8055380,73173.0,587023,2414,0.41
Monaco,14622,63,0,14559,14,0.43,0.0,0.0,39244,372592.0,14541,81,0.56
Mongolia,982864,2131,0,980733,0,0.22,0.0,0.0,3278292,299810.0,982551,313,0.03
Montenegro,280182,2782,0,277400,180,0.99,0.0,0.0,628062,446106.0,279134,1048,0.38
Morocco,1264945,16278,0,1248667,10,1.29,0.0,0.0,36910558,34271.0,1264850,95,0.01
Mozambique,230312,2222,0,228090,0,0.96,0.0,0.0,31255435,7369.0,230219,93,0.04
Namibia,169253,4080,0,165173,0,2.41,0.0,0.0,2540916,66611.0,169253,0,0.0
Nauru,4611,1,0,4610,0,0.02,0.0,0.0,10834,425605.0,4611,0,0.0
Nepal,999742,12018,0,987724,30,1.2,0.0,0.0,29136808,34312.0,999506,236,0.02
Netherlands,8541285,23292,0,8517993,8525,0.27,0.0,0.0,34882427,244859.0,8525846,15439,0.18
New Zealand,1785945,2031,0,1783914,0,0.11,0.0,0.0,4841342,368895.0,1776163,9782,0.55
Nicaragua,15070,245,0,14825,0,1.63,0.0,0.0,6624554,2275.0,15045,25,0.17
Niger,9405,313,0,9092,0,3.33,0.0,0.0,24206636,389.0,9395,10,0.11
Nigeria,265382,3155,0,262227,0,1.19,0.0,0.0,399640130,664.0,265090,292,0.11
North Macedonia,342961,9534,0,333427,81,2.78,0.0,0.0,2083380,164618.0,342519,442,0.13
Norway,1462408,4098,0,1458310,90,0.28,0.0,0.0,5421242,269755.0,1461884,524,0.04
Oman,398424,4628,0,393796,0,1.16,0.0,0.0,5106622,78021.0,397993,431,0.11
Pakistan,1572598,30616,0,1541982,188,1.95,0.0,0.0,428724125,3668.0,1572269,329,0.02
Palau,5460,6,0,5454,0,0.11,0.0,0.0,18008,303199.0,5445,15,0.28
Panama,986866,8497,0,978369,0,0.86,0.0,0.0,4314768,228718.0,985814,1052,0.11
Papua New Guinea,44997,668,0,44329,0,1.48,0.0,0.0,8947027,5029.0,44959,38,0.08
Paraguay,716543,19591,0,696952,484,2.73,0.0,0.0,7132530,100461.0,716059,484,0.07
Peru,4144416,216575,0,3927841,1331,5.23,0.0,0.0,65597846,63179.0,4140129,4287,0.1
Philippines,3948040,62947,0,3885093,2474,1.59,0.0,0.0,109581085,36028.0,3932155,15885,0.4
Poland,6293558,117569,0,6175989,3886,1.87,0.0,0.0,76257753,82530.0,6268049,25509,0.41
Portugal,5493540,25031,0,5468509,2901,0.46,0.0,0.0,10196707,538756.0,5476059,17481,0.32
Qatar,451168,682,0,450486,720,0.15,0.0,0.0,2881060,156598.0,445749,5419,1.22
Romania,3268562,67021,0,3201541,1192,2.05,0.0,0.0,38837451,84160.0,3260555,8007,0.25
Russia,20684948,379438,0,20305510,36875,1.83,0.0,0.0,292579178,70699.0,20396766,288182,1.41
Rwanda,132500,1466,0,131034,2,1.11,0.0,0.0,12952209,10230.0,132521,-21,-0.02
Saint Kitts and Nevis,6544,46,0,6498,0,0.7,0.0,0.0,53109,123218.0,6543,1,0.02
Saint Lucia,29408,393,0,29015,0,1.34,0.0,0.0,183629,160149.0,28959,449,1.55
Saint Vincent and the Grenadines,9448,116,0,9332,0,1.23,0.0,0.0,110854,85229.0,9448,0,0.0
Samoa,15925,29,0,15896,0,0.18,0.0,0.0,196130,81196.0,15925,0,0.0
San Marino,20793,118,0,20675,30,0.57,0.0,0.0,33938,612676.0,20646,147,0.71
Sao Tome and Principe,6230,77,0,6153,0,1.24,0.0,0.0,219159,28427.0,6209,21,0.34
Saudi Arabia,816498,9352,0,807146,109,1.15,0.0,0.0,34813867,23453.0,815686,812,0.1
Senegal,88398,1968,0,86430,25,2.23,0.0,0.0,16743930,5279.0,88324,74,0.08
Serbia,2361738,17006,0,2344732,2208,0.72,0.0,0.0,8737370,270303.0,2345665,16073,0.69
Seychelles,47141,169,0,46972,0,0.36,0.0,0.0,98340,479368.0,46358,783,1.69
Sierra Leone,7751,126,0,7625,0,1.63,0.0,0.0,7976985,972.0,7751,0,0.0
Singapore,1907907,1618,0,1906289,3715,0.08,0.0,0.0,5850343,326119.0,1887202,20705,1.1
Slovakia,2625317,20457,0,2604860,931,0.78,0.0,0.0,10823892,242548.0,2619905,5412,0.21
Slovenia,1183392,6822,0,1176570,2319,0.58,0.0,0.0,2078932,569231.0,1168036,15356,1.31
Solomon Islands,21544,153,0,21391,0,0.71,0.0,0.0,652858,33000.0,21544,0,0.0
Somalia,27214,1361,0,25853,0,5.0,0.0,0.0,15893219,1712.0,27207,7,0.03
South Africa,4019077,102185,0,3916892,308,2.54,0.0,0.0,59308690,67765.0,4017163,1914,0.05
South Sudan,17823,138,0,17685,0,0.77,0.0,0.0,11193729,1592.0,17823,0,0.0
Spain,13422984,114179,0,13308805,10721,0.85,0.0,0.0,93691843,143267.0,13403502,19482,0.15
Sri Lanka,670773,16761,0,654012,10,2.5,0.0,0.0,21413250,31325.0,670685,88,0.01
Sudan,63285,4961,0,58324,0,7.84,0.0,0.0,43849269,1443.0,63285,0,0.0
Summer Olympics 2020,865,0,0,865,0,0.0,0.0,0.0,0,143281.79591836734,865,0,0.0
Suriname,81106,1385,0,79721,0,1.71,0.0,0.0,586634,138257.0,81099,7,0.01
Sweden,2588441,20225,0,2568216,0,0.78,0.0,0.0,20426859,126718.0,2583370,5071,0.2
Switzerland,4103959,14009,0,4089950,0,0.34,0.0,0.0,8654618,474193.0,4087087,16872,0.41
Syria,57302,3163,0,54139,3,5.52,0.0,0.0,17500657,3274.0,57265,37,0.06
Taiwan*,6461400,11053,0,6450347,43459,0.17,0.0,0.0,23806638,271412.0,6172769,288631,4.68
Tajikistan,17786,125,0,17661,0,0.7,0.0,0.0,9537642,1865.0,17786,0,0.0
Tanzania,39440,845,0,38595,0,2.14,0.0,0.0,59734213,660.0,39341,99,0.25
Thailand,4682132,32771,0,4649361,823,0.7,0.0,0.0,69799978,67079.0,4677697,4435,0.09
Timor-Leste,23257,138,0,23119,4,0.59,0.0,0.0,1318442,17640.0,23248,9,0.04
Togo,39053,285,0,38768,19,0.73,0.0,0.0,8278737,4717.0,38901,152,0.39
Tonga,16182,12,0,16170,0,0.07,0.0,0.0,105697,153098.0,16182,0,0.0
Trinidad and Tobago,183181,4207,0,178974,0,2.3,0.0,0.0,1399491,130891.0,182597,584,0.32
Tunisia,1145686,29249,0,1116437,0,2.55,0.0,0.0,11818618,96939.0,1145345,341,0.03
Turkey,16873793,101139,0,16772654,0,0.6,0.0,0.0,84339067,200071.0,16852382,21411,0.13
Tuvalu,20,0,0,20,0,0.0,0.0,0.0,11792,1696.0,20,0,0.0
US,96385048,1059579,0,95325469,37054,1.1,0.0,0.0,330541757,291597.0,96058613,326435,0.34
Uganda,169396,3630,0,165766,0,2.14,0.0,0.0,45741000,3703.0,169396,0,0.0
Ukraine,5478025,117037,0,5360988,411,2.14,0.0,0.0,89634808,61115.0,5431208,46817,0.86
United Arab Emirates,1027502,2345,0,1025157,471,0.23,0.0,0.0,9890400,103889.0,1024845,2657,0.26
United Kingdom,23893361,207590,0,23685771,10,0.87,0.0,0.0,135034386,176943.0,23841178,52183,0.22
Uruguay,985422,7485,0,977937,0,0.76,0.0,0.0,3473727,283679.0,984152,1270,0.13
Uzbekistan,244218,1637,0,242581,19,0.67,0.0,0.0,33469199,7297.0,244120,98,0.04
Vanuatu,11950,14,0,11936,0,0.12,0.0,0.0,292680,40830.0,11950,0,0.0
Venezuela,544803,5814,0,538989,116,1.07,0.0,0.0,28435943,19159.0,544355,448,0.08
Vietnam,11479356,43148,0,11436208,1470,0.38,0.0,0.0,97338583,117932.0,11470164,9192,0.08
West Bank and Gaza,702768,5707,0,697061,0,0.81,0.0,0.0,4543126,154688.0,702768,0,0.0
Winter Olympics 2022,535,0,0,535,0,0.0,0.0,0.0,0,143281.79591836734,535,0,0.0
Yemen,11935,2157,0,9778,0,18.07,0.0,0.0,29825968,400.0,11934,1,0.01
Zambia,333531,4017,0,329514,0,1.2,0.0,0.0,18383956,18143.0,333439,92,0.03
Zimbabwe,257465,5602,0,251863,56,2.18,0.0,0.0,14862927,17323.0,257289,176,0.07
