Country,Confirmed,Deaths,Recovered,Active,New Cases,Deaths / 100 Cases,Recovered / 100 Cases,Deaths / 100 Recovered,Population,Cases / Million People,Confirmed last week,1 week change,1 week % increase
Afghanistan,209011,7896,0,201115,29,3.78,0.0,0.0,38928341,5369.0,208704,307,0.15
Albania,334255,3596,0,330659,0,1.08,0.0,0.0,2877800,116149.0,334211,44,0.01
Algeria,271409,6881,0,264528,0,2.54,0.0,0.0,43851043,6189.0,271395,14,0.01
Andorra,47860,165,0,47695,0,0.34,0.0,0.0,77265,619427.0,47850,10,0.02
Angola,105184,1931,0,103253,0,1.84,0.0,0.0,32866268,3200.0,105184,0,0.0
Antarctica,11,0,0,11,0,0.0,0.0,0.0,0,154515.68367346938,11,0,0.0
Antigua and Barbuda,9106,146,0,8960,0,1.6,0.0,0.0,97928,92987.0,9106,0,0.0
Argentina,10042136,130448,0,9911688,1807,1.3,0.0,0.0,45195777,222192.0,10040329,1807,0.02
Armenia,446332,8719,0,437613,0,1.95,0.0,0.0,2963234,150623.0,446008,324,0.07
Australia,11330342,19070,0,11311272,0,0.17,0.0,0.0,50919400,222515.0,11312904,17438,0.15
Austria,5832119,21789,0,5810330,2816,0.37,0.0,0.0,9006400,647553.0,5803370,28749,0.5
Azerbaijan,828235,10099,0,818136,6,1.22,0.0,0.0,10139175,81687.0,828085,150,0.02
Bahamas,37491,833,0,36658,0,2.22,0.0,0.0,393248,95337.0,37491,0,0.0
Bahrain,700835,1544,0,699291,0,0.22,0.0,0.0,1701583,411872.0,700835,0,0.0
Bangladesh,2037688,29445,0,2008243,9,1.45,0.0,0.0,164689383,12373.0,2037622,66,0.0
Barbados,106434,573,0,105861,0,0.54,0.0,0.0,287371,370371.0,106157,277,0.26
Belarus,994037,7118,0,986919,0,0.72,0.0,0.0,9449321,105197.0,994037,0,0.0
Belgium,4700949,33616,0,4667333,0,0.72,0.0,0.0,22985282,204520.0,4695403,5546,0.12
Belize,70721,688,0,70033,24,0.97,0.0,0.0,397621,177860.0,70660,61,0.09
Benin,27990,163,0,27827,0,0.58,0.0,0.0,12123198,2309.0,27989,1,0.0
Bhutan,62611,21,0,62590,3,0.03,0.0,0.0,771612,81143.0,62608,3,0.0
Bolivia,1191172,22355,0,1168817,82,1.88,0.0,0.0,11673029,102045.0,1189790,1382,0.12
Bosnia and Herzegovina,401472,16261,0,385211,0,4.05,0.0,0.0,3280815,122370.0,401436,36,0.01
Botswana,329595,2801,0,326794,101,0.85,0.0,0.0,2351625,140156.0,329494,101,0.03
Brazil,36953492,697762,0,36255730,20662,1.89,0.0,0.0,422706534,87421.0,36878774,74718,0.2
Brunei,276825,225,0,276600,0,0.08,0.0,0.0,437483,632767.0,276067,758,0.27
Bulgaria,1295958,38195,0,1257763,88,2.95,0.0,0.0,6948445,186511.0,1295654,304,0.02
Burkina Faso,22056,396,0,21660,31,1.8,0.0,0.0,20903278,1055.0,22025,31,0.14
Burma,633867,19490,0,614377,1,3.07,0.0,0.0,54409800,11650.0,633842,25,0.0
Burundi,53574,38,0,53536,0,0.07,0.0,0.0,11890781,4506.0,53492,82,0.15
Cabo Verde,63235,413,0,62822,0,0.65,0.0,0.0,555988,113734.0,63229,6,0.01
Cambodia,138705,3056,0,135649,1,2.2,0.0,0.0,16718971,8296.0,138698,7,0.01
Cameroon,123993,1965,0,122028,0,1.58,0.0,0.0,26545864,4671.0,123993,0,0.0
Canada,4581573,50987,0,4530586,1528,1.11,0.0,0.0,76492216,59896.0,4572007,9566,0.21
Central African Republic,15368,113,0,15255,0,0.74,0.0,0.0,4829764,3182.0,15368,0,0.0
Chad,7661,194,0,7467,9,2.53,0.0,0.0,16425859,466.0,7652,9,0.12
Chile,5139804,64013,0,5075791,1072,1.25,0.0,0.0,36692988,140076.0,5129209,10595,0.21
China,4903517,101013,0,4802504,0,2.06,0.0,0.0,2829703778,1733.0,4903509,8,0.0
Colombia,6355637,142276,0,6213361,0,2.24,0.0,0.0,99141018,64107.0,6355135,502,0.01
Comoros,8992,161,0,8831,0,1.79,0.0,0.0,869595,10340.0,8992,0,0.0
Congo (Brazzaville),25073,388,0,24685,0,1.55,0.0,0.0,89561403,280.0,25073,0,0.0
Congo (Kinshasa),95646,1464,0,94182,61,1.53,0.0,0.0,5518087,17333.0,95585,61,0.06
Costa Rica,1190377,9181,0,1181196,0,0.77,0.0,0.0,5094114,233677.0,1186176,4201,0.35
Cote d'Ivoire,88064,834,0,87230,1,0.95,0.0,0.0,26378274,3339.0,88009,55,0.06
Croatia,1268232,17928,0,1250304,8,1.41,0.0,0.0,4105268,308928.0,1267904,328,0.03
Cuba,1112523,8530,0,1103993,7,0.77,0.0,0.0,11326616,98222.0,1112489,34,0.0
Cyprus,645515,1293,0,644222,0,0.2,0.0,0.0,1207361,534650.0,644160,1355,0.21
Czechia,4595426,42348,0,4553078,100,0.92,0.0,0.0,10708981,429119.0,4591550,3876,0.08
Denmark,3448199,8255,0,3439944,343,0.24,0.0,0.0,5942850,580226.0,3447224,975,0.03
Diamond Princess,712,13,0,699,0,1.83,0.0,0.0,0,154515.68367346938,712,0,0.0
Djibouti,15690,189,0,15501,0,1.2,0.0,0.0,988002,15881.0,15690,0,0.0
Dominica,15760,74,0,15686,0,0.47,0.0,0.0,71991,218916.0,15760,0,0.0
Dominican Republic,660429,4384,0,656045,17,0.66,0.0,0.0,10847904,60881.0,660095,334,0.05
Ecuador,1052007,35965,0,1016042,0,3.42,0.0,0.0,17643060,59627.0,1052007,0,0.0
Egypt,515698,24809,0,490889,32,4.81,0.0,0.0,102334403,5039.0,515645,53,0.01
El Salvador,201785,4230,0,197555,0,2.1,0.0,0.0,6486201,31110.0,201785,0,0.0
Equatorial Guinea,17212,183,0,17029,0,1.06,0.0,0.0,1402985,12268.0,17210,2,0.01
Eritrea,10189,103,0,10086,0,1.01,0.0,0.0,3546427,2873.0,10189,0,0.0
Estonia,614215,2919,0,611296,0,0.48,0.0,0.0,1326539,463021.0,613903,312,0.05
Eswatini,74158,1423,0,72735,0,1.92,0.0,0.0,1160164,63920.0,74143,15,0.02
Ethiopia,499782,7572,0,492210,17,1.52,0.0,0.0,114963583,4347.0,499672,110,0.02
Fiji,68864,883,0,67981,0,1.28,0.0,0.0,896444,76819.0,68848,16,0.02
Finland,1460857,8821,0,1452036,0,0.6,0.0,0.0,5540718,263658.0,1459198,1659,0.11
France,39770404,165628,0,39604776,6362,0.42,0.0,0.0,68128061,583760.0,39747993,22411,0.06
Gabon,48981,306,0,48675,0,0.62,0.0,0.0,2225728,22007.0,48981,0,0.0
Gambia,12586,372,0,12214,0,2.96,0.0,0.0,2416664,5208.0,12586,0,0.0
Georgia,1818861,16941,0,1801920,0,0.93,0.0,0.0,3989175,455949.0,1815871,2990,0.16
Germany,37928944,166875,0,37762069,21632,0.44,0.0,0.0,166310062,228062.0,37842223,86721,0.23
Ghana,171152,1462,0,169690,0,0.85,0.0,0.0,31072945,5508.0,171112,40,0.02
Greece,5548487,34779,0,5513708,0,0.63,0.0,0.0,10423056,532328.0,5548487,0,0.0
Grenada,19680,238,0,19442,0,1.21,0.0,0.0,112519,174904.0,19680,0,0.0
Guatemala,1231988,20151,0,1211837,18,1.64,0.0,0.0,17915567,68766.0,1229611,2377,0.19
Guinea,38240,467,0,37773,0,1.22,0.0,0.0,13132792,2912.0,38240,0,0.0
Guinea-Bissau,8953,176,0,8777,6,1.97,0.0,0.0,1967998,4549.0,8947,6,0.07
Guyana,73032,1297,0,71735,0,1.78,0.0,0.0,786559,92850.0,72984,48,0.07
Haiti,34076,860,0,33216,0,2.52,0.0,0.0,11402533,2988.0,34076,0,0.0
Holy See,29,0,0,29,0,0.0,0.0,0.0,809,35847.0,29,0,0.0
Honduras,471224,11107,0,460117,0,2.36,0.0,0.0,9904608,47576.0,470940,284,0.06
Hungary,2193272,48707,0,2144565,0,2.22,0.0,0.0,9660350,227039.0,2192448,824,0.04
Iceland,208839,211,0,208628,0,0.1,0.0,0.0,341250,611982.0,208688,151,0.07
India,44685499,530753,0,44154746,74,1.19,0.0,0.0,2751341248,16241.0,44684768,731,0.0
Indonesia,6732968,160870,0,6572098,169,2.39,0.0,0.0,273523621,24616.0,6731304,1664,0.02
Iran,7565678,144783,0,7420895,126,1.91,0.0,0.0,83992953,90075.0,7564881,797,0.01
Iraq,2465545,25375,0,2440170,0,1.03,0.0,0.0,40222503,61298.0,2465545,0,0.0
Ireland,1701617,8602,0,1693015,0,0.51,0.0,0.0,4937796,344611.0,1700817,800,0.05
Israel,4791731,12240,0,4779491,568,0.26,0.0,0.0,8655541,553603.0,4789011,2720,0.06
Italy,25519067,187551,0,25331516,0,0.73,0.0,0.0,120822834,211211.0,25488166,30901,0.12
Jamaica,153905,3488,0,150417,0,2.27,0.0,0.0,2961161,51975.0,153629,276,0.18
Japan,32980916,70796,0,32910120,9423,0.21,0.0,0.0,252643406,130543.0,32782459,198457,0.61
Jordan,1746997,14122,0,1732875,0,0.81,0.0,0.0,10203140,171222.0,1746997,0,0.0
Kazakhstan,1497449,19066,0,1478383,900,1.27,0.0,0.0,18776707,79750.0,1496549,900,0.06
Kenya,342849,5688,0,337161,32,1.66,0.0,0.0,53771300,6376.0,342817,32,0.01
Kiribati,5008,18,0,4990,0,0.36,0.0,0.0,117606,42583.0,5008,0,0.0
"Korea, North",1,6,0,-5,0,600.0,0.0,0.0,25778815,0.0,1,0,0.0
"Korea, South",30369744,33758,0,30335986,14371,0.11,0.0,0.0,51269183,592359.0,30279381,90363,0.3
Kosovo,272713,3204,0,269509,3,1.17,0.0,0.0,1793000,152099.0,272628,85,0.03
Kuwait,662858,2570,0,660288,0,0.39,0.0,0.0,4270563,155216.0,662858,0,0.0
Kyrgyzstan,206611,2991,0,203620,12,1.45,0.0,0.0,6524191,31668.0,206599,12,0.01
Laos,218000,758,0,217242,1,0.35,0.0,0.0,7275556,29963.0,217990,10,0.0
Latvia,975649,6245,0,969404,59,0.64,0.0,0.0,1886202,517256.0,975451,198,0.02
Lebanon,1230268,10805,0,1219463,127,0.88,0.0,0.0,6825442,180247.0,1229555,713,0.06
Lesotho,34790,723,0,34067,0,2.08,0.0,0.0,2142252,16240.0,34790,0,0.0
Liberia,8065,294,0,7771,0,3.65,0.0,0.0,5057677,1595.0,8062,3,0.04
Libya,507170,6437,0,500733,4,1.27,0.0,0.0,6871287,73810.0,507166,4,0.0
Liechtenstein,21372,89,0,21283,0,0.42,0.0,0.0,38137,560401.0,21359,13,0.06
Lithuania,1300014,9559,0,1290455,43,0.74,0.0,0.0,2722291,477544.0,1297908,2106,0.16
Luxembourg,315412,1212,0,314200,60,0.38,0.0,0.0,625976,503872.0,314949,463,0.15
MS Zaandam,9,2,0,7,0,22.22,0.0,0.0,0,154515.68367346938,9,0,0.0
Madagascar,67849,1421,0,66428,0,2.09,0.0,0.0,27691019,2450.0,67842,7,0.01
Malawi,88600,2686,0,85914,41,3.03,0.0,0.0,19129955,4631.0,88559,41,0.05
Malaysia,5039650,36952,0,5002698,164,0.73,0.0,0.0,64998698,77535.0,5038170,1480,0.03
Maldives,185723,311,0,185412,2,0.17,0.0,0.0,540542,343587.0,185721,2,0.0
Mali,32833,743,0,32090,0,2.26,0.0,0.0,20250834,1621.0,32798,35,0.11
Malta,117166,826,0,116340,0,0.7,0.0,0.0,441539,265358.0,117062,104,0.09
Marshall Islands,15590,17,0,15573,0,0.11,0.0,0.0,58413,266893.0,15584,6,0.04
Mauritania,63667,997,0,62670,0,1.57,0.0,0.0,4649660,13693.0,63665,2,0.0
Mauritius,295161,1044,0,294117,246,0.35,0.0,0.0,1271767,232087.0,294915,246,0.08
Mexico,7400848,332580,0,7068268,0,4.49,0.0,0.0,255584572,28957.0,7390230,10618,0.14
Micronesia,23671,60,0,23611,0,0.25,0.0,0.0,113815,207978.0,22676,995,4.39
Moldova,599578,11957,0,587621,0,1.99,0.0,0.0,8055380,74432.0,598673,905,0.15
Monaco,16097,67,0,16030,2,0.42,0.0,0.0,39244,410177.0,16078,19,0.12
Mongolia,1007890,2136,0,1005754,2,0.21,0.0,0.0,3278292,307444.0,1007876,14,0.0
Montenegro,286966,2799,0,284167,99,0.98,0.0,0.0,628062,456907.0,286559,407,0.14
Morocco,1272339,16296,0,1256043,4,1.28,0.0,0.0,36910558,34471.0,1272281,58,0.0
Mozambique,232819,2237,0,230582,0,0.96,0.0,0.0,31255435,7449.0,232819,0,0.0
Namibia,171059,4090,0,166969,318,2.39,0.0,0.0,2540916,67322.0,170741,318,0.19
Nauru,4815,1,0,4814,0,0.02,0.0,0.0,10834,444434.0,4621,194,4.2
Nepal,1001116,12020,0,989096,1,1.2,0.0,0.0,29136808,34359.0,1001106,10,0.0
Netherlands,8699058,23705,0,8675353,0,0.27,0.0,0.0,34882427,249382.0,8696317,2741,0.03
New Zealand,2207348,2515,0,2204833,2,0.11,0.0,0.0,4841342,455937.0,2198982,8366,0.38
Nicaragua,15612,245,0,15367,0,1.57,0.0,0.0,6624554,2357.0,15592,20,0.13
Niger,9508,315,0,9193,0,3.31,0.0,0.0,24206636,393.0,9508,0,0.0
Nigeria,266463,3155,0,263308,0,1.18,0.0,0.0,399640130,667.0,266463,0,0.0
North Macedonia,346533,9641,0,336892,0,2.78,0.0,0.0,2083380,166332.0,346533,0,0.0
Norway,1478395,5152,0,1473243,67,0.35,0.0,0.0,5421242,272704.0,1478095,300,0.02
Oman,399449,4628,0,394821,0,1.16,0.0,0.0,5106622,78222.0,399449,0,0.0
Pakistan,1576551,30640,0,1545911,13,1.94,0.0,0.0,428724125,3677.0,1576410,141,0.01
Palau,5988,9,0,5979,1,0.15,0.0,0.0,18008,332519.0,5987,1,0.02
Panama,1030658,8600,0,1022058,444,0.83,0.0,0.0,4314768,238868.0,1030214,444,0.04
Papua New Guinea,46776,670,0,46106,0,1.43,0.0,0.0,8947027,5228.0,46750,26,0.06
Paraguay,806790,19843,0,786947,0,2.46,0.0,0.0,7132530,113114.0,806662,128,0.02
Peru,4483729,219269,0,4264460,0,4.89,0.0,0.0,65597846,68352.0,4482629,1100,0.02
Philippines,4074838,65958,0,4008880,147,1.62,0.0,0.0,109581085,37186.0,4073851,987,0.02
Poland,6389941,118779,0,6271162,200,1.86,0.0,0.0,76257753,83794.0,6383225,6716,0.11
Portugal,5565479,26059,0,5539420,0,0.47,0.0,0.0,10196707,545811.0,5564254,1225,0.02
Qatar,492966,686,0,492280,0,0.14,0.0,0.0,2881060,171106.0,492786,180,0.04
Romania,3331005,67650,0,3263355,3200,2.03,0.0,0.0,38837451,85768.0,3327805,3200,0.1
Russia,21773482,387620,0,21385862,10940,1.78,0.0,0.0,292579178,74419.0,21695239,78243,0.36
Rwanda,133148,1468,0,131680,58,1.1,0.0,0.0,12952209,10280.0,133090,58,0.04
Saint Kitts and Nevis,6594,46,0,6548,1,0.7,0.0,0.0,53109,124160.0,6592,2,0.03
Saint Lucia,29882,409,0,29473,0,1.37,0.0,0.0,183629,162730.0,29803,79,0.27
Saint Vincent and the Grenadines,9587,123,0,9464,0,1.28,0.0,0.0,110854,86483.0,9585,2,0.02
Samoa,16402,29,0,16373,293,0.18,0.0,0.0,196130,83628.0,16109,293,1.82
San Marino,23468,122,0,23346,0,0.52,0.0,0.0,33938,691496.0,23427,41,0.18
Sao Tome and Principe,6280,77,0,6203,0,1.23,0.0,0.0,219159,28655.0,6280,0,0.0
Saudi Arabia,828595,9593,0,819002,70,1.16,0.0,0.0,34813867,23801.0,828236,359,0.04
Senegal,88906,1971,0,86935,4,2.22,0.0,0.0,16743930,5310.0,88902,4,0.0
Serbia,2480488,17741,0,2462747,825,0.72,0.0,0.0,8737370,283894.0,2475443,5045,0.2
Seychelles,50665,172,0,50493,0,0.34,0.0,0.0,98340,515202.0,50665,0,0.0
Sierra Leone,7760,126,0,7634,0,1.62,0.0,0.0,7976985,973.0,7760,0,0.0
Singapore,2222006,1722,0,2220284,0,0.08,0.0,0.0,5850343,379808.0,2219431,2575,0.12
Slovakia,2662353,20982,0,2641371,35,0.79,0.0,0.0,10823892,245970.0,2661348,1005,0.04
Slovenia,1323816,7064,0,1316752,64,0.53,0.0,0.0,2078932,636777.0,1322604,1212,0.09
Solomon Islands,24575,153,0,24422,0,0.62,0.0,0.0,652858,37642.0,24575,0,0.0
Somalia,27322,1361,0,25961,0,4.98,0.0,0.0,15893219,1719.0,27322,0,0.0
South Africa,4058966,102595,0,3956371,1755,2.53,0.0,0.0,59308690,68438.0,4057211,1755,0.04
South Sudan,18368,138,0,18230,0,0.75,0.0,0.0,11193729,1641.0,18368,0,0.0
Spain,13748918,118976,0,13629942,0,0.87,0.0,0.0,93691843,146746.0,13740531,8387,0.06
Sri Lanka,672012,16829,0,655183,3,2.5,0.0,0.0,21413250,31383.0,672002,10,0.0
Sudan,63775,5011,0,58764,16,7.86,0.0,0.0,43849269,1454.0,63759,16,0.03
Summer Olympics 2020,865,0,0,865,0,0.0,0.0,0.0,0,154515.68367346938,865,0,0.0
Suriname,82227,1400,0,80827,0,1.7,0.0,0.0,586634,140167.0,82227,0,0.0
Sweden,2696168,23563,0,2672605,0,0.87,0.0,0.0,20426859,131991.0,2694893,1275,0.05
Switzerland,4408833,14202,0,4394631,0,0.32,0.0,0.0,8654618,509420.0,4407915,918,0.02
Syria,57453,3164,0,54289,0,5.51,0.0,0.0,17500657,3283.0,57453,0,0.0
Taiwan*,9821755,17157,0,9804598,12657,0.17,0.0,0.0,23806638,412564.0,9685484,136271,1.41
Tajikistan,17786,125,0,17661,0,0.7,0.0,0.0,9537642,1865.0,17786,0,0.0
Tanzania,42717,846,0,41871,0,1.98,0.0,0.0,59734213,715.0,42664,53,0.12
Thailand,4727628,33894,0,4693734,0,0.72,0.0,0.0,69799978,67731.0,4727236,392,0.01
Timor-Leste,23417,138,0,23279,1,0.59,0.0,0.0,1318442,17761.0,23416,1,0.0
Togo,39362,290,0,39072,0,0.74,0.0,0.0,8278737,4755.0,39357,5,0.01
Tonga,16795,13,0,16782,0,0.08,0.0,0.0,105697,158898.0,16779,16,0.1
Trinidad and Tobago,188199,4331,0,183868,0,2.3,0.0,0.0,1399491,134477.0,187908,291,0.15
Tunisia,1150477,29312,0,1121165,0,2.55,0.0,0.0,11818618,97344.0,1150356,121,0.01
Turkey,17042722,101492,0,16941230,0,0.6,0.0,0.0,84339067,202074.0,17042722,0,0.0
Tuvalu,2805,0,0,2805,0,0.0,0.0,0.0,11792,237873.0,2805,0,0.0
US,102878993,1114602,0,101764391,21361,1.08,0.0,0.0,330541757,311244.0,102626931,252062,0.25
Uganda,170464,3630,0,166834,64,2.13,0.0,0.0,45741000,3727.0,170400,64,0.04
Ukraine,5687053,119092,0,5567961,66,2.09,0.0,0.0,89634808,63447.0,5682693,4360,0.08
United Arab Emirates,1050402,2348,0,1048054,0,0.22,0.0,0.0,9890400,106204.0,1049944,458,0.04
United Kingdom,24549097,218476,0,24330621,0,0.89,0.0,0.0,135034386,181799.0,24526807,22290,0.09
Uruguay,1033265,7614,0,1025651,0,0.74,0.0,0.0,3473727,297451.0,1033265,0,0.0
Uzbekistan,250799,1637,0,249162,56,0.65,0.0,0.0,33469199,7493.0,250676,123,0.05
Vanuatu,12014,14,0,12000,0,0.12,0.0,0.0,292680,41048.0,12014,0,0.0
Venezuela,551801,5851,0,545950,81,1.06,0.0,0.0,28435943,19405.0,551645,156,0.03
Vietnam,11526704,43186,0,11483518,12,0.37,0.0,0.0,97338583,118419.0,11526577,127,0.0
West Bank and Gaza,703228,5708,0,697520,0,0.81,0.0,0.0,4543126,154789.0,703228,0,0.0
Winter Olympics 2022,535,0,0,535,0,0.0,0.0,0.0,0,154515.68367346938,535,0,0.0
Yemen,11945,2159,0,9786,0,18.07,0.0,0.0,29825968,400.0,11945,0,0.0
Zambia,342317,4051,0,338266,29,1.18,0.0,0.0,18383956,18620.0,341690,627,0.18
Zimbabwe,263083,5659,0,257424,0,2.15,0.0,0.0,14862927,17701.0,262324,759,0.29
