Country,Confirmed,Deaths,Recovered,Active,New Cases,Deaths / 100 Cases,Recovered / 100 Cases,Deaths / 100 Recovered,Population,Cases / Million People,Confirmed last week,1 week change,1 week % increase
Afghanistan,208971,7896,0,201075,28,3.78,0.0,0.0,38928341,5368.0,208621,350,0.17
Albania,334234,3596,0,330638,5,1.08,0.0,0.0,2877800,116142.0,334204,30,0.01
Algeria,271409,6881,0,264528,3,2.54,0.0,0.0,43851043,6189.0,271394,15,0.01
Andorra,47860,165,0,47695,0,0.34,0.0,0.0,77265,619427.0,47850,10,0.02
Angola,105184,1931,0,103253,0,1.84,0.0,0.0,32866268,3200.0,105184,0,0.0
Antarctica,11,0,0,11,0,0.0,0.0,0.0,0,154471.39285714287,11,0,0.0
Antigua and Barbuda,9106,146,0,8960,0,1.6,0.0,0.0,97928,92987.0,9106,0,0.0
Argentina,10040329,130437,0,9909892,0,1.3,0.0,0.0,45195777,222152.0,10037135,3194,0.03
Armenia,446332,8719,0,437613,0,1.95,0.0,0.0,2963234,150623.0,446008,324,0.07
Australia,11330342,19070,0,11311272,0,0.17,0.0,0.0,50919400,222515.0,11312904,17438,0.15
Austria,5821526,21781,0,5799745,8831,0.37,0.0,0.0,9006400,646377.0,5798237,23289,0.4
Azerbaijan,828210,10098,0,818112,15,1.22,0.0,0.0,10139175,81684.0,828064,146,0.02
Bahamas,37491,833,0,36658,0,2.22,0.0,0.0,393248,95337.0,37491,0,0.0
Bahrain,700835,1544,0,699291,0,0.22,0.0,0.0,1701583,411872.0,700835,0,0.0
Bangladesh,2037664,29444,0,2008220,0,1.44,0.0,0.0,164689383,12373.0,2037588,76,0.0
Barbados,106434,573,0,105861,0,0.54,0.0,0.0,287371,370371.0,106157,277,0.26
Belarus,994037,7118,0,986919,0,0.72,0.0,0.0,9449321,105197.0,994037,0,0.0
Belgium,4700949,33616,0,4667333,0,0.72,0.0,0.0,22985282,204520.0,4695403,5546,0.12
Belize,70697,688,0,70009,0,0.97,0.0,0.0,397621,177800.0,70660,37,0.05
Benin,27990,163,0,27827,0,0.58,0.0,0.0,12123198,2309.0,27989,1,0.0
Bhutan,62608,21,0,62587,0,0.03,0.0,0.0,771612,81139.0,62605,3,0.0
Bolivia,1190700,22354,0,1168346,189,1.88,0.0,0.0,11673029,102004.0,1189673,1027,0.09
Bosnia and Herzegovina,401472,16261,0,385211,0,4.05,0.0,0.0,3280815,122370.0,401412,60,0.01
Botswana,329494,2801,0,326693,0,0.85,0.0,0.0,2351625,140113.0,329227,267,0.08
Brazil,36930339,697662,0,36232677,12716,1.89,0.0,0.0,422706534,87366.0,36867401,62938,0.17
Brunei,276825,225,0,276600,0,0.08,0.0,0.0,437483,632767.0,276067,758,0.27
Bulgaria,1295829,38194,0,1257635,40,2.95,0.0,0.0,6948445,186492.0,1295585,244,0.02
Burkina Faso,22025,396,0,21629,0,1.8,0.0,0.0,20903278,1054.0,22025,0,0.0
Burma,633864,19490,0,614374,1,3.07,0.0,0.0,54409800,11650.0,633840,24,0.0
Burundi,53574,38,0,53536,0,0.07,0.0,0.0,11890781,4506.0,53492,82,0.15
Cabo Verde,63235,413,0,62822,0,0.65,0.0,0.0,555988,113734.0,63229,6,0.01
Cambodia,138703,3056,0,135647,0,2.2,0.0,0.0,16718971,8296.0,138697,6,0.0
Cameroon,123993,1965,0,122028,0,1.58,0.0,0.0,26545864,4671.0,123993,0,0.0
Canada,4579631,50919,0,4528712,494,1.11,0.0,0.0,76492216,59871.0,4570310,9321,0.2
Central African Republic,15368,113,0,15255,0,0.74,0.0,0.0,4829764,3182.0,15368,0,0.0
Chad,7652,194,0,7458,0,2.54,0.0,0.0,16425859,466.0,7652,0,0.0
Chile,5137305,63985,0,5073320,1600,1.25,0.0,0.0,36692988,140008.0,5126657,10648,0.21
China,4903517,100922,0,4802595,1,2.06,0.0,0.0,2829703778,1733.0,4903507,10,0.0
Colombia,6355637,142276,0,6213361,0,2.24,0.0,0.0,99141018,64107.0,6355135,502,0.01
Comoros,8992,161,0,8831,0,1.79,0.0,0.0,869595,10340.0,8992,0,0.0
Congo (Brazzaville),32818,743,0,32075,0,2.26,0.0,0.0,89561403,366.0,25375,7443,29.33
Congo (Kinshasa),95585,1463,0,94122,0,1.53,0.0,0.0,5518087,17322.0,95514,71,0.07
Costa Rica,1190377,9181,0,1181196,0,0.77,0.0,0.0,5094114,233677.0,1186176,4201,0.35
Cote d'Ivoire,88046,834,0,87212,9,0.95,0.0,0.0,26378274,3338.0,87997,49,0.06
Croatia,1268185,17921,0,1250264,54,1.41,0.0,0.0,4105268,308916.0,1267850,335,0.03
Cuba,1112507,8530,0,1103977,5,0.77,0.0,0.0,11326616,98221.0,1112473,34,0.0
Cyprus,645515,1293,0,644222,0,0.2,0.0,0.0,1207361,534650.0,644160,1355,0.21
Czechia,4595191,42346,0,4552845,694,0.92,0.0,0.0,10708981,429097.0,4591409,3782,0.08
Denmark,3447856,8240,0,3439616,0,0.24,0.0,0.0,5942850,580169.0,3446909,947,0.03
Diamond Princess,712,13,0,699,0,1.83,0.0,0.0,0,154471.39285714287,712,0,0.0
Djibouti,15690,189,0,15501,0,1.2,0.0,0.0,988002,15881.0,15690,0,0.0
Dominica,15760,74,0,15686,0,0.47,0.0,0.0,71991,218916.0,15760,0,0.0
Dominican Republic,660412,4384,0,656028,0,0.66,0.0,0.0,10847904,60879.0,660095,317,0.05
Ecuador,1052007,35965,0,1016042,0,3.42,0.0,0.0,17643060,59627.0,1052007,0,0.0
Egypt,515666,24807,0,490859,0,4.81,0.0,0.0,102334403,5039.0,515645,21,0.0
El Salvador,201785,4230,0,197555,0,2.1,0.0,0.0,6486201,31110.0,201785,0,0.0
Equatorial Guinea,17212,183,0,17029,0,1.06,0.0,0.0,1402985,12268.0,17190,22,0.13
Eritrea,10189,103,0,10086,0,1.01,0.0,0.0,3546427,2873.0,10189,0,0.0
Estonia,614215,2919,0,611296,0,0.48,0.0,0.0,1326539,463021.0,613903,312,0.05
Eswatini,74143,1423,0,72720,0,1.92,0.0,0.0,1160164,63907.0,74133,10,0.01
Ethiopia,499749,7572,0,492177,11,1.52,0.0,0.0,114963583,4347.0,499643,106,0.02
Fiji,68864,883,0,67981,0,1.28,0.0,0.0,896444,76819.0,68848,16,0.02
Finland,1460857,8821,0,1452036,0,0.6,0.0,0.0,5540718,263658.0,1459198,1659,0.11
France,39764042,165578,0,39598464,0,0.42,0.0,0.0,68128061,583666.0,39741331,22711,0.06
Gabon,48981,306,0,48675,0,0.62,0.0,0.0,2225728,22007.0,48981,0,0.0
Gambia,12586,372,0,12214,0,2.96,0.0,0.0,2416664,5208.0,12586,0,0.0
Georgia,1818861,16941,0,1801920,0,0.93,0.0,0.0,3989175,455949.0,1815871,2990,0.16
Germany,37907312,166763,0,37740549,13420,0.44,0.0,0.0,166310062,227932.0,37822577,84735,0.22
Ghana,171140,1462,0,169678,0,0.85,0.0,0.0,31072945,5508.0,171112,28,0.02
Greece,5548487,34779,0,5513708,0,0.63,0.0,0.0,10423056,532328.0,5548487,0,0.0
Grenada,19680,238,0,19442,0,1.21,0.0,0.0,112519,174904.0,19680,0,0.0
Guatemala,1231507,20142,0,1211365,0,1.64,0.0,0.0,17915567,68739.0,1229560,1947,0.16
Guinea,38240,467,0,37773,0,1.22,0.0,0.0,13132792,2912.0,38240,0,0.0
Guinea-Bissau,8947,176,0,8771,0,1.97,0.0,0.0,1967998,4546.0,8947,0,0.0
Guyana,73032,1297,0,71735,29,1.78,0.0,0.0,786559,92850.0,72984,48,0.07
Haiti,34076,860,0,33216,0,2.52,0.0,0.0,11402533,2988.0,34076,0,0.0
Holy See,29,0,0,29,0,0.0,0.0,0.0,809,35847.0,29,0,0.0
Honduras,471224,11107,0,460117,0,2.36,0.0,0.0,9904608,47576.0,470940,284,0.06
Hungary,2193272,48707,0,2144565,0,2.22,0.0,0.0,9660350,227039.0,2192448,824,0.04
Iceland,208839,211,0,208628,0,0.1,0.0,0.0,341250,611982.0,208688,151,0.07
India,44685219,530750,0,44154469,1357,1.19,0.0,0.0,2751341248,16241.0,44684588,631,0.0
Indonesia,6732618,160860,0,6571758,200,2.39,0.0,0.0,273523621,24614.0,6730964,1654,0.02
Iran,7565367,144779,0,7420588,0,1.91,0.0,0.0,83992953,90071.0,7564663,704,0.01
Iraq,2465545,25375,0,2440170,0,1.03,0.0,0.0,40222503,61298.0,2465545,0,0.0
Ireland,1701617,8602,0,1693015,0,0.51,0.0,0.0,4937796,344611.0,1700817,800,0.05
Israel,4790765,12229,0,4778536,191,0.26,0.0,0.0,8655541,553491.0,4788073,2692,0.06
Italy,25519067,187551,0,25331516,0,0.73,0.0,0.0,120822834,211211.0,25488166,30901,0.12
Jamaica,153905,3488,0,150417,0,2.27,0.0,0.0,2961161,51975.0,153629,276,0.18
Japan,32957753,70566,0,32887187,27371,0.21,0.0,0.0,252643406,130452.0,32734388,223365,0.68
Jordan,1746997,14122,0,1732875,0,0.81,0.0,0.0,10203140,171222.0,1746997,0,0.0
Kazakhstan,1496549,19066,0,1477483,0,1.27,0.0,0.0,18776707,79702.0,1496549,0,0.0
Kenya,342817,5688,0,337129,0,1.66,0.0,0.0,53771300,6375.0,342817,0,0.0
Kiribati,5008,18,0,4990,0,0.36,0.0,0.0,117606,42583.0,5008,0,0.0
"Korea, North",1,6,0,-5,0,600.0,0.0,0.0,25778815,0.0,1,0,0.0
"Korea, South",30350199,33736,0,30316463,24716,0.11,0.0,0.0,51269183,591977.0,30257411,92788,0.31
Kosovo,272702,3204,0,269498,18,1.17,0.0,0.0,1793000,152093.0,272608,94,0.03
Kuwait,662858,2570,0,660288,0,0.39,0.0,0.0,4270563,155216.0,662858,0,0.0
Kyrgyzstan,206599,2991,0,203608,0,1.45,0.0,0.0,6524191,31667.0,206592,7,0.0
Laos,217998,758,0,217240,0,0.35,0.0,0.0,7275556,29963.0,217987,11,0.01
Latvia,975590,6245,0,969345,0,0.64,0.0,0.0,1886202,517225.0,975403,187,0.02
Lebanon,1229915,10801,0,1219114,0,0.88,0.0,0.0,6825442,180196.0,1229390,525,0.04
Lesotho,34790,723,0,34067,0,2.08,0.0,0.0,2142252,16240.0,34790,0,0.0
Liberia,8065,294,0,7771,0,3.65,0.0,0.0,5057677,1595.0,8062,3,0.04
Libya,507166,6437,0,500729,0,1.27,0.0,0.0,6871287,73809.0,507162,4,0.0
Liechtenstein,21372,89,0,21283,0,0.42,0.0,0.0,38137,560401.0,21359,13,0.06
Lithuania,1299922,9555,0,1290367,306,0.74,0.0,0.0,2722291,477510.0,1297838,2084,0.16
Luxembourg,315352,1212,0,314140,0,0.38,0.0,0.0,625976,503777.0,314882,470,0.15
MS Zaandam,9,2,0,7,0,22.22,0.0,0.0,0,154471.39285714287,9,0,0.0
Madagascar,67842,1420,0,66422,0,2.09,0.0,0.0,27691019,2450.0,67827,15,0.02
Malawi,88559,2686,0,85873,0,3.03,0.0,0.0,19129955,4629.0,88559,0,0.0
Malaysia,5039326,36951,0,5002375,259,0.73,0.0,0.0,64998698,77530.0,5037784,1542,0.03
Maldives,185721,311,0,185410,0,0.17,0.0,0.0,540542,343583.0,185715,6,0.0
Mali,32826,743,0,32083,8,2.26,0.0,0.0,20250834,1621.0,32790,36,0.11
Malta,117166,826,0,116340,0,0.7,0.0,0.0,441539,265358.0,117062,104,0.09
Marshall Islands,15590,17,0,15573,0,0.11,0.0,0.0,58413,266893.0,15584,6,0.04
Mauritania,63667,997,0,62670,0,1.57,0.0,0.0,4649660,13693.0,63665,2,0.0
Mauritius,294915,1044,0,293871,0,0.35,0.0,0.0,1271767,231894.0,294602,313,0.11
Mexico,7400848,332580,0,7068268,0,4.49,0.0,0.0,255584572,28957.0,7381305,19543,0.26
Micronesia,23671,60,0,23611,0,0.25,0.0,0.0,113815,207978.0,22676,995,4.39
Moldova,599578,11957,0,587621,0,1.99,0.0,0.0,8055380,74432.0,598673,905,0.15
Monaco,16095,67,0,16028,0,0.42,0.0,0.0,39244,410126.0,16069,26,0.16
Mongolia,1007888,2136,0,1005752,0,0.21,0.0,0.0,3278292,307443.0,1007874,14,0.0
Montenegro,286796,2799,0,283997,67,0.98,0.0,0.0,628062,456636.0,286493,303,0.11
Morocco,1272328,16296,0,1256032,5,1.28,0.0,0.0,36910558,34471.0,1272276,52,0.0
Mozambique,232819,2237,0,230582,0,0.96,0.0,0.0,31255435,7449.0,231994,825,0.36
Namibia,170741,4088,0,166653,0,2.39,0.0,0.0,2540916,67197.0,170741,0,0.0
Nauru,4815,1,0,4814,0,0.02,0.0,0.0,10834,444434.0,4621,194,4.2
Nepal,1001113,12020,0,989093,0,1.2,0.0,0.0,29136808,34359.0,1001106,7,0.0
Netherlands,8699058,23705,0,8675353,0,0.27,0.0,0.0,34882427,249382.0,8696317,2741,0.03
New Zealand,2198982,2504,0,2196478,0,0.11,0.0,0.0,4841342,454209.0,2190121,8861,0.4
Nicaragua,15612,245,0,15367,0,1.57,0.0,0.0,6624554,2357.0,15592,20,0.13
Niger,9508,315,0,9193,0,3.31,0.0,0.0,24206636,393.0,9508,0,0.0
Nigeria,266463,3155,0,263308,0,1.18,0.0,0.0,399640130,667.0,266463,0,0.0
North Macedonia,346533,9641,0,336892,0,2.78,0.0,0.0,2083380,166332.0,346533,0,0.0
Norway,1478287,5152,0,1473135,40,0.35,0.0,0.0,5421242,272684.0,1478025,262,0.02
Oman,399449,4628,0,394821,0,1.16,0.0,0.0,5106622,78222.0,399449,0,0.0
Pakistan,1576464,30640,0,1545824,0,1.94,0.0,0.0,428724125,3677.0,1576343,121,0.01
Palau,5987,9,0,5978,0,0.15,0.0,0.0,18008,332463.0,5986,1,0.02
Panama,1030214,8599,0,1021615,0,0.83,0.0,0.0,4314768,238765.0,1029701,513,0.05
Papua New Guinea,46776,670,0,46106,0,1.43,0.0,0.0,8947027,5228.0,46750,26,0.06
Paraguay,806790,19843,0,786947,128,2.46,0.0,0.0,7132530,113114.0,806662,128,0.02
Peru,4483443,219250,0,4264193,207,4.89,0.0,0.0,65597846,68347.0,4482497,946,0.02
Philippines,4074563,65938,0,4008625,224,1.62,0.0,0.0,109581085,37183.0,4073739,824,0.02
Poland,6389572,118779,0,6270793,1346,1.86,0.0,0.0,76257753,83789.0,6382975,6597,0.1
Portugal,5565479,26059,0,5539420,0,0.47,0.0,0.0,10196707,545811.0,5564254,1225,0.02
Qatar,492925,686,0,492239,0,0.14,0.0,0.0,2881060,171092.0,492595,330,0.07
Romania,3327805,67619,0,3260186,0,2.03,0.0,0.0,38837451,85685.0,3325006,2799,0.08
Russia,21750311,387560,0,21362751,12709,1.78,0.0,0.0,292579178,74340.0,21677861,72450,0.33
Rwanda,133090,1468,0,131622,0,1.1,0.0,0.0,12952209,10275.0,133090,0,0.0
Saint Kitts and Nevis,6593,46,0,6547,1,0.7,0.0,0.0,53109,124141.0,6592,1,0.02
Saint Lucia,29882,409,0,29473,0,1.37,0.0,0.0,183629,162730.0,29803,79,0.27
Saint Vincent and the Grenadines,9587,123,0,9464,0,1.28,0.0,0.0,110854,86483.0,9585,2,0.02
Samoa,16109,29,0,16080,0,0.18,0.0,0.0,196130,82134.0,16087,22,0.14
San Marino,23468,122,0,23346,0,0.52,0.0,0.0,33938,691496.0,23427,41,0.18
Sao Tome and Principe,6280,77,0,6203,0,1.23,0.0,0.0,219159,28655.0,6280,0,0.0
Saudi Arabia,828486,9591,0,818895,30,1.16,0.0,0.0,34813867,23798.0,828131,355,0.04
Senegal,88902,1971,0,86931,0,2.22,0.0,0.0,16743930,5310.0,88902,0,0.0
Serbia,2478730,17733,0,2460997,760,0.72,0.0,0.0,8737370,283693.0,2474195,4535,0.18
Seychelles,50665,172,0,50493,0,0.34,0.0,0.0,98340,515202.0,50665,0,0.0
Sierra Leone,7760,126,0,7634,0,1.62,0.0,0.0,7976985,973.0,7760,0,0.0
Singapore,2221762,1722,0,2220040,324,0.08,0.0,0.0,5850343,379766.0,2218881,2881,0.13
Slovakia,2662257,20977,0,2641280,160,0.79,0.0,0.0,10823892,245961.0,2661284,973,0.04
Slovenia,1323687,7064,0,1316623,242,0.53,0.0,0.0,2078932,636715.0,1322493,1194,0.09
Solomon Islands,24575,153,0,24422,0,0.62,0.0,0.0,652858,37642.0,24575,0,0.0
Somalia,27322,1361,0,25961,0,4.98,0.0,0.0,15893219,1719.0,27318,4,0.01
South Africa,4057211,102595,0,3954616,0,2.53,0.0,0.0,59308690,68408.0,4056701,510,0.01
South Sudan,18368,138,0,18230,0,0.75,0.0,0.0,11193729,1641.0,18368,0,0.0
Spain,13748918,118976,0,13629942,0,0.87,0.0,0.0,93691843,146746.0,13740531,8387,0.06
Sri Lanka,672007,16828,0,655179,2,2.5,0.0,0.0,21413250,31383.0,672000,7,0.0
Sudan,63759,5008,0,58751,0,7.85,0.0,0.0,43849269,1454.0,63754,5,0.01
Summer Olympics 2020,865,0,0,865,0,0.0,0.0,0.0,0,154471.39285714287,865,0,0.0
Suriname,82227,1400,0,80827,0,1.7,0.0,0.0,586634,140167.0,82227,0,0.0
Sweden,2696168,23563,0,2672605,0,0.87,0.0,0.0,20426859,131991.0,2694893,1275,0.05
Switzerland,4408833,14211,0,4394622,0,0.32,0.0,0.0,8654618,509420.0,4407915,918,0.02
Syria,57453,3164,0,54289,0,5.51,0.0,0.0,17500657,3283.0,57453,0,0.0
Taiwan*,9791908,17046,0,9774862,18281,0.17,0.0,0.0,23806638,411310.0,9645862,146046,1.51
Tajikistan,17786,125,0,17661,0,0.7,0.0,0.0,9537642,1865.0,17786,0,0.0
Tanzania,42717,846,0,41871,0,1.98,0.0,0.0,59734213,715.0,42664,53,0.12
Thailand,4727236,33882,0,4693354,0,0.72,0.0,0.0,69799978,67725.0,4726984,252,0.01
Timor-Leste,23416,138,0,23278,0,0.59,0.0,0.0,1318442,17760.0,23415,1,0.0
Togo,39358,290,0,39068,0,0.74,0.0,0.0,8278737,4754.0,39355,3,0.01
Tonga,16795,13,0,16782,0,0.08,0.0,0.0,105697,158898.0,16779,16,0.1
Trinidad and Tobago,188199,4331,0,183868,291,2.3,0.0,0.0,1399491,134477.0,187908,291,0.15
Tunisia,1150477,29312,0,1121165,0,2.55,0.0,0.0,11818618,97344.0,1150356,121,0.01
Turkey,17042722,101492,0,16941230,0,0.6,0.0,0.0,84339067,202074.0,17042722,0,0.0
Tuvalu,2805,0,0,2805,0,0.0,0.0,0.0,11792,237873.0,2805,0,0.0
US,102846539,1114371,0,101732168,3685,1.08,0.0,0.0,330541757,311145.0,102600335,246204,0.24
Uganda,170400,3630,0,166770,0,2.13,0.0,0.0,45741000,3725.0,170400,0,0.0
Ukraine,5686871,119091,0,5567780,136,2.09,0.0,0.0,89634808,63445.0,5682577,4294,0.08
United Arab Emirates,1050330,2348,0,1047982,89,0.22,0.0,0.0,9890400,106197.0,1049729,601,0.06
United Kingdom,24549097,218476,0,24330621,0,0.89,0.0,0.0,135034386,181799.0,24526807,22290,0.09
Uruguay,1033265,7614,0,1025651,0,0.74,0.0,0.0,3473727,297451.0,1032710,555,0.05
Uzbekistan,250743,1637,0,249106,0,0.65,0.0,0.0,33469199,7492.0,250622,121,0.05
Vanuatu,12014,14,0,12000,0,0.12,0.0,0.0,292680,41048.0,12014,0,0.0
Venezuela,551673,5851,0,545822,0,1.06,0.0,0.0,28435943,19401.0,551619,54,0.01
Vietnam,11526651,43186,0,11483465,11,0.37,0.0,0.0,97338583,118418.0,11526559,92,0.0
West Bank and Gaza,703228,5708,0,697520,0,0.81,0.0,0.0,4543126,154789.0,703228,0,0.0
Winter Olympics 2022,535,0,0,535,0,0.0,0.0,0.0,0,154471.39285714287,535,0,0.0
Yemen,11945,2159,0,9786,0,18.07,0.0,0.0,29825968,400.0,11945,0,0.0
Zambia,342288,4051,0,338237,174,1.18,0.0,0.0,18383956,18619.0,341573,715,0.21
Zimbabwe,263083,5659,0,257424,0,2.15,0.0,0.0,14862927,17701.0,262324,759,0.29
