Country,Confirmed,Deaths,Recovered,Active,New Cases,Deaths / 100 Cases,Recovered / 100 Cases,Deaths / 100 Recovered,Population,Cases / Million People,Confirmed last week,1 week change,1 week % increase
Afghanistan,204287,7829,0,196458,193,3.83,0.0,0.0,38928341,5248.0,203395,892,0.44
Albania,333103,3593,0,329510,15,1.08,0.0,0.0,2877800,115749.0,332996,107,0.03
Algeria,270917,6881,0,264036,11,2.54,0.0,0.0,43851043,6178.0,270847,70,0.03
Andorra,46664,155,0,46509,0,0.33,0.0,0.0,77265,603947.0,46588,76,0.16
Angola,103131,1917,0,101214,0,1.86,0.0,0.0,32866268,3138.0,103131,0,0.0
Antarctica,11,0,0,11,0,0.0,0.0,0.0,0,147284.693877551,11,0,0.0
Antigua and Barbuda,9106,146,0,8960,0,1.6,0.0,0.0,97928,92987.0,9106,0,0.0
Argentina,9720232,130003,0,9590229,0,1.34,0.0,0.0,45195777,215069.0,9718875,1357,0.01
Armenia,445397,8709,0,436688,0,1.96,0.0,0.0,2963234,150308.0,445242,155,0.03
Australia,10458954,15855,0,10443099,28958,0.15,0.0,0.0,50919400,205402.0,10402713,56241,0.54
Austria,5481274,21069,0,5460205,3924,0.38,0.0,0.0,9006400,608598.0,5453038,28236,0.52
Azerbaijan,823592,9957,0,813635,8,1.21,0.0,0.0,10139175,81229.0,823418,174,0.02
Bahamas,37429,833,0,36596,13,2.23,0.0,0.0,393248,95179.0,37386,43,0.12
Bahrain,692885,1531,0,691354,246,0.22,0.0,0.0,1701583,407200.0,691074,1811,0.26
Bangladesh,2036061,29426,0,2006635,69,1.45,0.0,0.0,164689383,12363.0,2035657,404,0.02
Barbados,103424,560,0,102864,0,0.54,0.0,0.0,287371,359897.0,103424,0,0.0
Belarus,994037,7118,0,986919,0,0.72,0.0,0.0,9449321,105197.0,994037,0,0.0
Belgium,4622723,32976,0,4589747,3002,0.71,0.0,0.0,22985282,201117.0,4617315,5408,0.12
Belize,68972,687,0,68285,0,1.0,0.0,0.0,397621,173462.0,68957,15,0.02
Benin,27912,163,0,27749,0,0.58,0.0,0.0,12123198,2302.0,27782,130,0.47
Bhutan,62430,21,0,62409,0,0.03,0.0,0.0,771612,80909.0,62380,50,0.08
Bolivia,1109730,22241,0,1087489,0,2.0,0.0,0.0,11673029,95068.0,1109512,218,0.02
Bosnia and Herzegovina,400162,16184,0,383978,33,4.04,0.0,0.0,3280815,121970.0,400027,135,0.03
Botswana,326344,2790,0,323554,0,0.85,0.0,0.0,2351625,138774.0,326344,0,0.0
Brazil,34889576,688607,0,34200969,34084,1.97,0.0,0.0,422706534,82539.0,34846308,43268,0.12
Brunei,244599,225,0,244374,0,0.09,0.0,0.0,437483,559105.0,241044,3555,1.47
Bulgaria,1282751,37940,0,1244811,467,2.96,0.0,0.0,6948445,184610.0,1280584,2167,0.17
Burkina Faso,21631,387,0,21244,0,1.79,0.0,0.0,20903278,1035.0,21631,0,0.0
Burma,632522,19486,0,613036,61,3.08,0.0,0.0,54409800,11625.0,632014,508,0.08
Burundi,50574,38,0,50536,0,0.08,0.0,0.0,11890781,4253.0,50470,104,0.21
Cabo Verde,62646,410,0,62236,27,0.65,0.0,0.0,555988,112675.0,62516,130,0.21
Cambodia,137996,3056,0,134940,0,2.21,0.0,0.0,16718971,8254.0,137995,1,0.0
Cameroon,123993,1965,0,122028,0,1.58,0.0,0.0,26545864,4671.0,123629,364,0.29
Canada,4401096,47240,0,4353856,7682,1.07,0.0,0.0,76492216,57537.0,4383367,17729,0.4
Central African Republic,15289,113,0,15176,0,0.74,0.0,0.0,4829764,3166.0,15260,29,0.19
Chad,7631,194,0,7437,0,2.54,0.0,0.0,16425859,465.0,7627,4,0.05
Chile,4818999,61923,0,4757076,8225,1.28,0.0,0.0,36692988,131333.0,4769638,49361,1.03
China,3053673,15733,0,3037940,7135,0.52,0.0,0.0,2829703778,1079.0,2976228,77445,2.6
Colombia,6311359,141862,0,6169497,1027,2.25,0.0,0.0,99141018,63660.0,6310332,1027,0.02
Comoros,8879,161,0,8718,0,1.81,0.0,0.0,869595,10211.0,8762,117,1.34
Congo (Brazzaville),24837,386,0,24451,0,1.55,0.0,0.0,89561403,277.0,24837,0,0.0
Congo (Kinshasa),93467,1447,0,92020,248,1.55,0.0,0.0,5518087,16938.0,93086,381,0.41
Costa Rica,1138416,9009,0,1129407,0,0.79,0.0,0.0,5094114,223477.0,1135713,2703,0.24
Cote d'Ivoire,87847,829,0,87018,8,0.94,0.0,0.0,26378274,3330.0,87822,25,0.03
Croatia,1249502,17212,0,1232290,263,1.38,0.0,0.0,4105268,304366.0,1247678,1824,0.15
Cuba,1111311,8530,0,1102781,8,0.77,0.0,0.0,11326616,98115.0,1111290,21,0.0
Cyprus,602662,1200,0,601462,0,0.2,0.0,0.0,1207361,499156.0,599118,3544,0.59
Czechia,4164050,41698,0,4122352,625,1.0,0.0,0.0,10708981,388837.0,4160242,3808,0.09
Denmark,3387782,7479,0,3380303,884,0.22,0.0,0.0,5942850,570060.0,3383519,4263,0.13
Diamond Princess,712,13,0,699,0,1.83,0.0,0.0,0,147284.693877551,712,0,0.0
Djibouti,15690,189,0,15501,0,1.2,0.0,0.0,988002,15881.0,15690,0,0.0
Dominica,15760,74,0,15686,0,0.47,0.0,0.0,71991,218916.0,15760,0,0.0
Dominican Republic,647717,4384,0,643333,64,0.68,0.0,0.0,10847904,59709.0,647425,292,0.05
Ecuador,1009388,35935,0,973453,0,3.56,0.0,0.0,17643060,57212.0,1008035,1353,0.13
Egypt,515645,24798,0,490847,0,4.81,0.0,0.0,102334403,5039.0,515645,0,0.0
El Salvador,201785,4230,0,197555,0,2.1,0.0,0.0,6486201,31110.0,201785,0,0.0
Equatorial Guinea,17182,183,0,16999,4,1.07,0.0,0.0,1402985,12247.0,17174,8,0.05
Eritrea,10189,103,0,10086,0,1.01,0.0,0.0,3546427,2873.0,10189,0,0.0
Estonia,607844,2757,0,605087,0,0.45,0.0,0.0,1326539,458218.0,607300,544,0.09
Eswatini,73618,1422,0,72196,0,1.93,0.0,0.0,1160164,63455.0,73558,60,0.08
Ethiopia,494119,7572,0,486547,0,1.53,0.0,0.0,114963583,4298.0,493996,123,0.02
Fiji,68287,878,0,67409,17,1.29,0.0,0.0,896444,76175.0,68270,17,0.02
Finland,1372651,6913,0,1365738,11930,0.5,0.0,0.0,5540718,247739.0,1360721,11930,0.88
France,37288432,158711,0,37129721,27068,0.43,0.0,0.0,68128061,547329.0,37110800,177632,0.48
Gabon,48945,306,0,48639,0,0.63,0.0,0.0,2225728,21991.0,48945,0,0.0
Gambia,12580,372,0,12208,0,2.96,0.0,0.0,2416664,5206.0,12580,0,0.0
Georgia,1785138,16912,0,1768226,0,0.95,0.0,0.0,3989175,447496.0,1780691,4447,0.25
Germany,36005025,155403,0,35849622,33703,0.43,0.0,0.0,166310062,216493.0,35784912,220113,0.62
Ghana,170894,1460,0,169434,0,0.85,0.0,0.0,31072945,5500.0,170894,0,0.0
Greece,5250288,33888,0,5216400,0,0.65,0.0,0.0,10423056,503719.0,5188890,61398,1.18
Grenada,19604,237,0,19367,0,1.21,0.0,0.0,112519,174228.0,19604,0,0.0
Guatemala,1144358,19915,0,1124443,661,1.74,0.0,0.0,17915567,63875.0,1141290,3068,0.27
Guinea,38122,458,0,37664,0,1.2,0.0,0.0,13132792,2903.0,38047,75,0.2
Guinea-Bissau,8848,176,0,8672,0,1.99,0.0,0.0,1967998,4496.0,8848,0,0.0
Guyana,71461,1281,0,70180,8,1.79,0.0,0.0,786559,90853.0,71438,23,0.03
Haiti,33828,860,0,32968,0,2.54,0.0,0.0,11402533,2967.0,33828,0,0.0
Holy See,29,0,0,29,0,0.0,0.0,0.0,809,35847.0,29,0,0.0
Honduras,457196,11039,0,446157,0,2.41,0.0,0.0,9904608,46160.0,457196,0,0.0
Hungary,2153564,48111,0,2105453,0,2.23,0.0,0.0,9660350,222928.0,2141513,12051,0.56
Iceland,206803,219,0,206584,0,0.11,0.0,0.0,341250,606016.0,206571,232,0.11
India,44664810,530520,0,44134290,4517,1.19,0.0,0.0,2751341248,16234.0,44658365,6445,0.01
Indonesia,6544201,158989,0,6385212,6294,2.43,0.0,0.0,273523621,23926.0,6507610,36591,0.56
Iran,7558762,144607,0,7414155,72,1.91,0.0,0.0,83992953,89993.0,7557962,800,0.01
Iraq,2461857,25361,0,2436496,0,1.03,0.0,0.0,40222503,61206.0,2461484,373,0.02
Ireland,1675723,8100,0,1667623,0,0.48,0.0,0.0,4937796,339367.0,1673665,2058,0.12
Israel,4693662,11788,0,4681874,516,0.25,0.0,0.0,8655541,542273.0,4687132,6530,0.14
Italy,23642011,179436,0,23462575,0,0.76,0.0,0.0,120822834,195675.0,23531023,110988,0.47
Jamaica,152306,3350,0,148956,0,2.2,0.0,0.0,2961161,51435.0,151931,375,0.25
Japan,22981382,47442,0,22933940,78577,0.21,0.0,0.0,252643406,90964.0,22527741,453641,2.01
Jordan,1746997,14122,0,1732875,0,0.81,0.0,0.0,10203140,171222.0,1746997,0,0.0
Kazakhstan,1485203,19053,0,1466150,0,1.28,0.0,0.0,18776707,79098.0,1484932,271,0.02
Kenya,340114,5678,0,334436,127,1.67,0.0,0.0,53771300,6325.0,339350,764,0.23
Kiribati,3430,13,0,3417,0,0.38,0.0,0.0,117606,29165.0,3430,0,0.0
"Korea, North",1,6,0,-5,0,600.0,0.0,0.0,25778815,0.0,1,0,0.0
"Korea, South",26091539,29571,0,26061968,54519,0.11,0.0,0.0,51269183,508913.0,25760701,330838,1.28
Kosovo,272189,3202,0,268987,3,1.18,0.0,0.0,1793000,151806.0,272174,15,0.01
Kuwait,662359,2569,0,659790,0,0.39,0.0,0.0,4270563,155099.0,662073,286,0.04
Kyrgyzstan,206464,2991,0,203473,0,1.45,0.0,0.0,6524191,31646.0,206452,12,0.01
Laos,216335,758,0,215577,12,0.35,0.0,0.0,7275556,29734.0,216265,70,0.03
Latvia,956392,6073,0,950319,449,0.63,0.0,0.0,1886202,507046.0,953835,2557,0.27
Lebanon,1219415,10717,0,1208698,118,0.88,0.0,0.0,6825442,178657.0,1218923,492,0.04
Lesotho,34490,706,0,33784,0,2.05,0.0,0.0,2142252,16100.0,34490,0,0.0
Liberia,7998,294,0,7704,0,3.68,0.0,0.0,5057677,1581.0,7996,2,0.03
Libya,507060,6437,0,500623,0,1.27,0.0,0.0,6871287,73794.0,507051,9,0.0
Liechtenstein,20741,87,0,20654,0,0.42,0.0,0.0,38137,543855.0,20663,78,0.38
Lithuania,1270986,9405,0,1261581,278,0.74,0.0,0.0,2722291,466881.0,1268707,2279,0.18
Luxembourg,303571,1151,0,302420,0,0.38,0.0,0.0,625976,484956.0,302868,703,0.23
MS Zaandam,9,2,0,7,0,22.22,0.0,0.0,0,147284.693877551,9,0,0.0
Madagascar,66788,1411,0,65377,0,2.11,0.0,0.0,27691019,2412.0,66749,39,0.06
Malawi,88073,2685,0,85388,0,3.05,0.0,0.0,19129955,4604.0,88073,0,0.0
Malaysia,4940456,36522,0,4903934,3436,0.74,0.0,0.0,64998698,76009.0,4914557,25899,0.53
Maldives,185454,309,0,185145,0,0.17,0.0,0.0,540542,343089.0,185364,90,0.05
Mali,32744,742,0,32002,3,2.27,0.0,0.0,20250834,1617.0,32738,6,0.02
Malta,115547,808,0,114739,15,0.7,0.0,0.0,441539,261691.0,115425,122,0.11
Marshall Islands,15389,17,0,15372,0,0.11,0.0,0.0,58413,263452.0,15389,0,0.0
Mauritania,63407,997,0,62410,0,1.57,0.0,0.0,4649660,13637.0,63385,22,0.03
Mauritius,268397,1033,0,267364,1908,0.38,0.0,0.0,1271767,211043.0,265301,3096,1.17
Mexico,7116424,330430,0,6785994,889,4.64,0.0,0.0,255584572,27844.0,7112504,3920,0.06
Micronesia,22203,58,0,22145,0,0.26,0.0,0.0,113815,195080.0,22203,0,0.0
Moldova,594163,11900,0,582263,0,2.0,0.0,0.0,8055380,73760.0,593816,347,0.06
Monaco,15057,65,0,14992,0,0.43,0.0,0.0,39244,383676.0,14988,69,0.46
Mongolia,986599,2131,0,984468,0,0.22,0.0,0.0,3278292,300949.0,985282,1317,0.13
Montenegro,283240,2788,0,280452,48,0.98,0.0,0.0,628062,450975.0,282973,267,0.09
Morocco,1266350,16283,0,1250067,119,1.29,0.0,0.0,36910558,34309.0,1265788,562,0.04
Mozambique,230475,2224,0,228251,0,0.96,0.0,0.0,31255435,7374.0,230475,0,0.0
Namibia,169946,4080,0,165866,0,2.4,0.0,0.0,2540916,66884.0,169946,0,0.0
Nauru,4611,1,0,4610,0,0.02,0.0,0.0,10834,425605.0,4611,0,0.0
Nepal,1000775,12019,0,988756,9,1.2,0.0,0.0,29136808,34347.0,1000676,99,0.01
Netherlands,8636598,23511,0,8613087,85,0.27,0.0,0.0,34882427,247592.0,8628802,7796,0.09
New Zealand,1878933,2120,0,1876813,0,0.11,0.0,0.0,4841342,388102.0,1858163,20770,1.12
Nicaragua,15203,245,0,14958,0,1.61,0.0,0.0,6624554,2295.0,15186,17,0.11
Niger,9430,314,0,9116,0,3.33,0.0,0.0,24206636,390.0,9428,2,0.02
Nigeria,266192,3155,0,263037,0,1.19,0.0,0.0,399640130,666.0,266138,54,0.02
North Macedonia,344342,9564,0,334778,0,2.78,0.0,0.0,2083380,165280.0,344146,196,0.06
Norway,1466313,4286,0,1462027,149,0.29,0.0,0.0,5421242,270475.0,1465398,915,0.06
Oman,398775,4628,0,394147,0,1.16,0.0,0.0,5106622,78090.0,398775,0,0.0
Pakistan,1574549,30629,0,1543920,41,1.95,0.0,0.0,428724125,3673.0,1574275,274,0.02
Palau,5530,7,0,5523,0,0.13,0.0,0.0,18008,307086.0,5513,17,0.31
Panama,991251,8509,0,982742,0,0.86,0.0,0.0,4314768,229734.0,990413,838,0.08
Papua New Guinea,45691,668,0,45023,0,1.46,0.0,0.0,8947027,5107.0,45550,141,0.31
Paraguay,717980,19606,0,698374,0,2.73,0.0,0.0,7132530,100663.0,717955,25,0.0
Peru,4167290,217146,0,3950144,2103,5.21,0.0,0.0,65597846,63528.0,4159132,8158,0.2
Philippines,4014039,64329,0,3949710,1171,1.6,0.0,0.0,109581085,36631.0,4006635,7404,0.18
Poland,6345679,118205,0,6227474,491,1.86,0.0,0.0,76257753,83214.0,6342404,3275,0.05
Portugal,5528365,25319,0,5503046,0,0.46,0.0,0.0,10196707,542172.0,5520731,7634,0.14
Qatar,472927,684,0,472243,340,0.14,0.0,0.0,2881060,164150.0,470433,2494,0.53
Romania,3290987,67224,0,3223763,423,2.04,0.0,0.0,38837451,84737.0,3288315,2672,0.08
Russia,21178202,382949,0,20795253,5550,1.81,0.0,0.0,292579178,72385.0,21142507,35695,0.17
Rwanda,132611,1467,0,131144,0,1.11,0.0,0.0,12952209,10238.0,132584,27,0.02
Saint Kitts and Nevis,6551,46,0,6505,2,0.7,0.0,0.0,53109,123350.0,6549,2,0.03
Saint Lucia,29654,407,0,29247,0,1.37,0.0,0.0,183629,161489.0,29654,0,0.0
Saint Vincent and the Grenadines,9459,116,0,9343,0,1.23,0.0,0.0,110854,85328.0,9459,0,0.0
Samoa,15949,29,0,15920,0,0.18,0.0,0.0,196130,81319.0,15946,3,0.02
San Marino,21739,119,0,21620,0,0.55,0.0,0.0,33938,640550.0,21627,112,0.52
Sao Tome and Principe,6275,77,0,6198,0,1.23,0.0,0.0,219159,28632.0,6270,5,0.08
Saudi Arabia,824273,9426,0,814847,122,1.14,0.0,0.0,34813867,23677.0,823203,1070,0.13
Senegal,88826,1968,0,86858,9,2.22,0.0,0.0,16743930,5305.0,88679,147,0.17
Serbia,2411691,17301,0,2394390,737,0.72,0.0,0.0,8737370,276020.0,2406834,4857,0.2
Seychelles,49380,171,0,49209,0,0.35,0.0,0.0,98340,502135.0,49035,345,0.7
Sierra Leone,7758,126,0,7632,4,1.62,0.0,0.0,7976985,973.0,7754,4,0.05
Singapore,2134319,1693,0,2132626,2765,0.08,0.0,0.0,5850343,364819.0,2115621,18698,0.88
Slovakia,2646203,20656,0,2625547,276,0.78,0.0,0.0,10823892,244478.0,2644213,1990,0.08
Slovenia,1240891,6908,0,1233983,697,0.56,0.0,0.0,2078932,596889.0,1235756,5135,0.42
Solomon Islands,21544,153,0,21391,0,0.71,0.0,0.0,652858,33000.0,21544,0,0.0
Somalia,27254,1361,0,25893,0,4.99,0.0,0.0,15893219,1715.0,27243,11,0.04
South Africa,4032109,102363,0,3929746,485,2.54,0.0,0.0,59308690,67985.0,4029496,2613,0.06
South Sudan,18325,138,0,18187,0,0.75,0.0,0.0,11193729,1637.0,18318,7,0.04
Spain,13529643,115239,0,13414404,0,0.85,0.0,0.0,93691843,144406.0,13511768,17875,0.13
Sri Lanka,671369,16783,0,654586,15,2.5,0.0,0.0,21413250,31353.0,671302,67,0.01
Sudan,63561,4980,0,58581,3,7.83,0.0,0.0,43849269,1450.0,63509,52,0.08
Summer Olympics 2020,865,0,0,865,0,0.0,0.0,0.0,0,147284.693877551,865,0,0.0
Suriname,81228,1392,0,79836,0,1.71,0.0,0.0,586634,138465.0,81228,0,0.0
Sweden,2618688,20857,0,2597831,3691,0.8,0.0,0.0,20426859,128198.0,2614997,3691,0.14
Switzerland,4276848,14097,0,4262751,0,0.33,0.0,0.0,8654618,494169.0,4255891,20957,0.49
Syria,57377,3163,0,54214,3,5.51,0.0,0.0,17500657,3279.0,57365,12,0.02
Taiwan*,7976205,13379,0,7962826,22320,0.17,0.0,0.0,23806638,335041.0,7810077,166128,2.13
Tajikistan,17786,125,0,17661,0,0.7,0.0,0.0,9537642,1865.0,17786,0,0.0
Tanzania,40152,845,0,39307,98,2.1,0.0,0.0,59734213,672.0,40054,98,0.24
Thailand,4695207,32995,0,4662212,0,0.7,0.0,0.0,69799978,67267.0,4692448,2759,0.06
Timor-Leste,23312,138,0,23174,0,0.59,0.0,0.0,1318442,17681.0,23303,9,0.04
Togo,39316,290,0,39026,2,0.74,0.0,0.0,8278737,4749.0,39304,12,0.03
Tonga,16182,12,0,16170,0,0.07,0.0,0.0,105697,153098.0,16182,0,0.0
Trinidad and Tobago,184949,4257,0,180692,0,2.3,0.0,0.0,1399491,132154.0,184854,95,0.05
Tunisia,1146702,29263,0,1117439,0,2.55,0.0,0.0,11818618,97025.0,1146593,109,0.01
Turkey,16919638,101203,0,16818435,0,0.6,0.0,0.0,84339067,200614.0,16919638,0,0.0
Tuvalu,163,0,0,163,0,0.0,0.0,0.0,11792,13823.0,23,140,608.7
US,97978279,1074485,0,96903794,64868,1.1,0.0,0.0,330541757,296417.0,97698174,280105,0.29
Uganda,169473,3630,0,165843,0,2.14,0.0,0.0,45741000,3705.0,169473,0,0.0
Ukraine,5617950,118072,0,5499878,44,2.1,0.0,0.0,89634808,62676.0,5617643,307,0.01
United Arab Emirates,1040384,2348,0,1038036,251,0.23,0.0,0.0,9890400,105191.0,1038538,1846,0.18
United Kingdom,24179611,211415,0,23968196,24253,0.87,0.0,0.0,135034386,179063.0,24154796,24815,0.1
Uruguay,991219,7526,0,983693,0,0.76,0.0,0.0,3473727,285347.0,990560,659,0.07
Uzbekistan,244878,1637,0,243241,0,0.67,0.0,0.0,33469199,7317.0,244716,162,0.07
Vanuatu,11981,14,0,11967,0,0.12,0.0,0.0,292680,40935.0,11981,0,0.0
Venezuela,546202,5823,0,540379,0,1.07,0.0,0.0,28435943,19208.0,545951,251,0.05
Vietnam,11507540,43166,0,11464374,416,0.38,0.0,0.0,97338583,118222.0,11504910,2630,0.02
West Bank and Gaza,703036,5708,0,697328,0,0.81,0.0,0.0,4543126,154747.0,703036,0,0.0
Winter Olympics 2022,535,0,0,535,0,0.0,0.0,0.0,0,147284.693877551,535,0,0.0
Yemen,11945,2159,0,9786,0,18.07,0.0,0.0,29825968,400.0,11944,1,0.01
Zambia,333685,4017,0,329668,0,1.2,0.0,0.0,18383956,18151.0,333685,0,0.0
Zimbabwe,257893,5606,0,252287,0,2.17,0.0,0.0,14862927,17351.0,257893,0,0.0
