Country,Confirmed,Deaths,Recovered,Active,New Cases,Deaths / 100 Cases,Recovered / 100 Cases,Deaths / 100 Recovered,Population,Cases / Million People,Confirmed last week,1 week change,1 week % increase
Afghanistan,208435,7876,0,200559,3,3.78,0.0,0.0,38928341,5354.0,208084,351,0.17
Albania,334153,3596,0,330557,9,1.08,0.0,0.0,2877800,116114.0,334097,56,0.02
Algeria,271369,6881,0,264488,0,2.54,0.0,0.0,43851043,6188.0,271328,41,0.02
Andorra,47839,165,0,47674,19,0.34,0.0,0.0,77265,619155.0,47820,19,0.04
Angola,105184,1931,0,103253,0,1.84,0.0,0.0,32866268,3200.0,105095,89,0.08
Antarctica,11,0,0,11,0,0.0,0.0,0.0,0,153953.67346938775,11,0,0.0
Antigua and Barbuda,9106,146,0,8960,0,1.6,0.0,0.0,97928,92987.0,9106,0,0.0
Argentina,10032709,130394,0,9902315,0,1.3,0.0,0.0,45195777,221983.0,10024095,8614,0.09
Armenia,446008,8717,0,437291,0,1.95,0.0,0.0,2963234,150514.0,446008,0,0.0
Australia,11295446,18615,0,11276831,0,0.16,0.0,0.0,50919400,221830.0,11274262,21184,0.19
Austria,5772280,21661,0,5750619,3025,0.38,0.0,0.0,9006400,640909.0,5754062,18218,0.32
Azerbaijan,827880,10081,0,817799,33,1.22,0.0,0.0,10139175,81652.0,827638,242,0.03
Bahamas,37491,833,0,36658,0,2.22,0.0,0.0,393248,95337.0,37491,0,0.0
Bahrain,700346,1542,0,698804,62,0.22,0.0,0.0,1701583,411585.0,699893,453,0.06
Bangladesh,2037506,29441,0,2008065,28,1.44,0.0,0.0,164689383,12372.0,2037408,98,0.0
Barbados,106157,571,0,105586,0,0.54,0.0,0.0,287371,369407.0,105905,252,0.24
Belarus,994037,7118,0,986919,0,0.72,0.0,0.0,9449321,105197.0,994037,0,0.0
Belgium,4691499,33557,0,4657942,0,0.72,0.0,0.0,22985282,204109.0,4688927,2572,0.05
Belize,70610,688,0,69922,0,0.97,0.0,0.0,397621,177581.0,70555,55,0.08
Benin,27989,163,0,27826,0,0.58,0.0,0.0,12123198,2309.0,27989,0,0.0
Bhutan,62598,21,0,62577,0,0.03,0.0,0.0,771612,81126.0,62577,21,0.03
Bolivia,1187092,22345,0,1164747,0,1.88,0.0,0.0,11673029,101695.0,1183705,3387,0.29
Bosnia and Herzegovina,401354,16253,0,385101,21,4.05,0.0,0.0,3280815,122334.0,401278,76,0.02
Botswana,328887,2798,0,326089,0,0.85,0.0,0.0,2351625,139855.0,328581,306,0.09
Brazil,36791267,696742,0,36094525,0,1.89,0.0,0.0,422706534,87037.0,36717501,73766,0.2
Brunei,275220,225,0,274995,0,0.08,0.0,0.0,437483,629099.0,274217,1003,0.37
Bulgaria,1295255,38174,0,1257081,13,2.95,0.0,0.0,6948445,186409.0,1294848,407,0.03
Burkina Faso,22025,396,0,21629,0,1.8,0.0,0.0,20903278,1054.0,22025,0,0.0
Burma,633818,19490,0,614328,3,3.08,0.0,0.0,54409800,11649.0,633799,19,0.0
Burundi,52429,38,0,52391,0,0.07,0.0,0.0,11890781,4409.0,52429,0,0.0
Cabo Verde,63227,413,0,62814,0,0.65,0.0,0.0,555988,113720.0,63224,3,0.0
Cambodia,138685,3056,0,135629,2,2.2,0.0,0.0,16718971,8295.0,138676,9,0.01
Cameroon,123993,1965,0,122028,0,1.58,0.0,0.0,26545864,4671.0,123993,0,0.0
Canada,4561494,50507,0,4510987,415,1.11,0.0,0.0,76492216,59633.0,4550961,10533,0.23
Central African Republic,15361,113,0,15248,0,0.74,0.0,0.0,4829764,3180.0,15361,0,0.0
Chad,7652,194,0,7458,0,2.54,0.0,0.0,16425859,466.0,7651,1,0.01
Chile,5115130,63764,0,5051366,2006,1.25,0.0,0.0,36692988,139403.0,5101837,13293,0.26
China,4900210,97623,0,4802587,3483,1.99,0.0,0.0,2829703778,1732.0,4882683,17527,0.36
Colombia,6352923,142186,0,6210737,0,2.24,0.0,0.0,99141018,64080.0,6348356,4567,0.07
Comoros,8992,161,0,8831,0,1.79,0.0,0.0,869595,10340.0,8992,0,0.0
Congo (Brazzaville),25375,388,0,24987,0,1.53,0.0,0.0,89561403,283.0,25375,0,0.0
Congo (Kinshasa),95473,1463,0,94010,0,1.53,0.0,0.0,5518087,17302.0,95346,127,0.13
Costa Rica,1182371,9142,0,1173229,0,0.77,0.0,0.0,5094114,232105.0,1177514,4857,0.41
Cote d'Ivoire,87974,833,0,87141,4,0.95,0.0,0.0,26378274,3335.0,87966,8,0.01
Croatia,1267467,17858,0,1249609,63,1.41,0.0,0.0,4105268,308742.0,1267021,446,0.04
Cuba,1112414,8530,0,1103884,9,0.77,0.0,0.0,11326616,98212.0,1112341,73,0.01
Cyprus,642663,1287,0,641376,0,0.2,0.0,0.0,1207361,532287.0,640729,1934,0.3
Czechia,4588727,42302,0,4546425,327,0.92,0.0,0.0,10708981,428493.0,4586731,1996,0.04
Denmark,3445821,8169,0,3437652,0,0.24,0.0,0.0,5942850,579826.0,3444735,1086,0.03
Diamond Princess,712,13,0,699,0,1.83,0.0,0.0,0,153953.67346938775,712,0,0.0
Djibouti,15690,189,0,15501,0,1.2,0.0,0.0,988002,15881.0,15690,0,0.0
Dominica,15760,74,0,15686,0,0.47,0.0,0.0,71991,218916.0,15760,0,0.0
Dominican Republic,660095,4384,0,655711,114,0.66,0.0,0.0,10847904,60850.0,659761,334,0.05
Ecuador,1051239,35942,0,1015297,0,3.42,0.0,0.0,17643060,59584.0,1047624,3615,0.35
Egypt,515645,24805,0,490840,0,4.81,0.0,0.0,102334403,5039.0,515645,0,0.0
El Salvador,201785,4230,0,197555,0,2.1,0.0,0.0,6486201,31110.0,201785,0,0.0
Equatorial Guinea,17186,183,0,17003,0,1.06,0.0,0.0,1402985,12250.0,17186,0,0.0
Eritrea,10189,103,0,10086,0,1.01,0.0,0.0,3546427,2873.0,10189,0,0.0
Estonia,613531,2904,0,610627,0,0.47,0.0,0.0,1326539,462505.0,613218,313,0.05
Eswatini,74114,1422,0,72692,0,1.92,0.0,0.0,1160164,63882.0,74086,28,0.04
Ethiopia,499466,7572,0,491894,23,1.52,0.0,0.0,114963583,4345.0,499295,171,0.03
Fiji,68820,883,0,67937,0,1.28,0.0,0.0,896444,76770.0,68808,12,0.02
Finland,1458619,8639,0,1449980,0,0.59,0.0,0.0,5540718,263255.0,1449829,8790,0.61
France,39713004,165121,0,39547883,41,0.42,0.0,0.0,68128061,582917.0,39681509,31495,0.08
Gabon,48980,306,0,48674,0,0.62,0.0,0.0,2225728,22006.0,48980,0,0.0
Gambia,12586,372,0,12214,0,2.96,0.0,0.0,2416664,5208.0,12586,0,0.0
Georgia,1814180,16926,0,1797254,0,0.93,0.0,0.0,3989175,454776.0,1811015,3165,0.17
Germany,37739472,165441,0,37574031,0,0.44,0.0,0.0,166310062,226922.0,37668384,71088,0.19
Ghana,171112,1462,0,169650,0,0.85,0.0,0.0,31072945,5507.0,171102,10,0.01
Greece,5548487,34779,0,5513708,0,0.63,0.0,0.0,10423056,532328.0,5548487,0,0.0
Grenada,19680,238,0,19442,0,1.21,0.0,0.0,112519,174904.0,19680,0,0.0
Guatemala,1226951,20096,0,1206855,422,1.64,0.0,0.0,17915567,68485.0,1222699,4252,0.35
Guinea,38240,467,0,37773,0,1.22,0.0,0.0,13132792,2912.0,38224,16,0.04
Guinea-Bissau,8947,176,0,8771,0,1.97,0.0,0.0,1967998,4546.0,8947,0,0.0
Guyana,72922,1294,0,71628,0,1.77,0.0,0.0,786559,92710.0,72815,107,0.15
Haiti,34008,860,0,33148,0,2.53,0.0,0.0,11402533,2982.0,34008,0,0.0
Holy See,29,0,0,29,0,0.0,0.0,0.0,809,35847.0,29,0,0.0
Honduras,470337,11102,0,459235,0,2.36,0.0,0.0,9904608,47487.0,470144,193,0.04
Hungary,2191827,48658,0,2143169,0,2.22,0.0,0.0,9660350,226889.0,2191200,627,0.03
Iceland,208605,199,0,208406,0,0.1,0.0,0.0,341250,611297.0,208539,66,0.03
India,44683863,530740,0,44153123,109,1.19,0.0,0.0,2751341248,16241.0,44683145,718,0.0
Indonesia,6729408,160802,0,6568606,199,2.39,0.0,0.0,273523621,24603.0,6727847,1561,0.02
Iran,7564046,144744,0,7419302,123,1.91,0.0,0.0,83992953,90056.0,7563273,773,0.01
Iraq,2465545,25375,0,2440170,0,1.03,0.0,0.0,40222503,61298.0,2465545,0,0.0
Ireland,1700253,8462,0,1691791,0,0.5,0.0,0.0,4937796,344334.0,1699347,906,0.05
Israel,4784561,12170,0,4772391,249,0.25,0.0,0.0,8655541,552774.0,4780411,4150,0.09
Italy,25453789,186833,0,25266956,0,0.73,0.0,0.0,120822834,210670.0,25415630,38159,0.15
Jamaica,153407,3480,0,149927,0,2.27,0.0,0.0,2961161,51806.0,153143,264,0.17
Japan,32441774,67396,0,32374378,54782,0.21,0.0,0.0,252643406,128409.0,32003020,438754,1.37
Jordan,1746997,14122,0,1732875,0,0.81,0.0,0.0,10203140,171222.0,1746997,0,0.0
Kazakhstan,1496390,19065,0,1477325,0,1.27,0.0,0.0,18776707,79694.0,1495880,510,0.03
Kenya,342810,5688,0,337122,0,1.66,0.0,0.0,53771300,6375.0,342782,28,0.01
Kiribati,4991,18,0,4973,0,0.36,0.0,0.0,117606,42438.0,4991,0,0.0
"Korea, North",1,6,0,-5,0,600.0,0.0,0.0,25778815,0.0,1,0,0.0
"Korea, South",30149601,33390,0,30116211,18871,0.11,0.0,0.0,51269183,588065.0,29999529,150072,0.5
Kosovo,272534,3202,0,269332,4,1.17,0.0,0.0,1793000,151999.0,272475,59,0.02
Kuwait,662858,2570,0,660288,0,0.39,0.0,0.0,4270563,155216.0,662858,0,0.0
Kyrgyzstan,206591,2991,0,203600,0,1.45,0.0,0.0,6524191,31665.0,206588,3,0.0
Laos,217962,758,0,217204,0,0.35,0.0,0.0,7275556,29958.0,217942,20,0.01
Latvia,975230,6211,0,969019,0,0.64,0.0,0.0,1886202,517034.0,975080,150,0.02
Lebanon,1228262,10786,0,1217476,172,0.88,0.0,0.0,6825442,179953.0,1226529,1733,0.14
Lesotho,34790,723,0,34067,0,2.08,0.0,0.0,2142252,16240.0,34790,0,0.0
Liberia,8053,294,0,7759,0,3.65,0.0,0.0,5057677,1592.0,8043,10,0.12
Libya,507159,6437,0,500722,0,1.27,0.0,0.0,6871287,73808.0,507158,1,0.0
Liechtenstein,21349,89,0,21260,6,0.42,0.0,0.0,38137,559798.0,21343,6,0.03
Lithuania,1295893,9535,0,1286358,258,0.74,0.0,0.0,2722291,476030.0,1294175,1718,0.13
Luxembourg,314607,1207,0,313400,126,0.38,0.0,0.0,625976,502586.0,314223,384,0.12
MS Zaandam,9,2,0,7,0,22.22,0.0,0.0,0,153953.67346938775,9,0,0.0
Madagascar,67817,1419,0,66398,0,2.09,0.0,0.0,27691019,2449.0,67788,29,0.04
Malawi,88505,2686,0,85819,0,3.03,0.0,0.0,19129955,4627.0,88446,59,0.07
Malaysia,5035871,36940,0,4998931,258,0.73,0.0,0.0,64998698,77476.0,5034521,1350,0.03
Maldives,185713,311,0,185402,0,0.17,0.0,0.0,540542,343568.0,185708,5,0.0
Mali,32778,743,0,32035,1,2.27,0.0,0.0,20250834,1619.0,32775,3,0.01
Malta,116953,824,0,116129,0,0.7,0.0,0.0,441539,264876.0,116894,59,0.05
Marshall Islands,15554,17,0,15537,0,0.11,0.0,0.0,58413,266276.0,15554,0,0.0
Mauritania,63664,997,0,62667,0,1.57,0.0,0.0,4649660,13692.0,63664,0,0.0
Mauritius,294602,1043,0,293559,513,0.35,0.0,0.0,1271767,231648.0,293386,1216,0.41
Mexico,7358593,332087,0,7026506,0,4.51,0.0,0.0,255584572,28791.0,7341480,17113,0.23
Micronesia,22676,58,0,22618,0,0.26,0.0,0.0,113815,199236.0,22676,0,0.0
Moldova,598073,11950,0,586123,0,2.0,0.0,0.0,8055380,74245.0,597598,475,0.08
Monaco,16056,65,0,15991,0,0.4,0.0,0.0,39244,409133.0,16041,15,0.09
Mongolia,1007865,2136,0,1005729,3,0.21,0.0,0.0,3278292,307436.0,1007855,10,0.0
Montenegro,286235,2796,0,283439,41,0.98,0.0,0.0,628062,455743.0,285958,277,0.1
Morocco,1272222,16296,0,1255926,5,1.28,0.0,0.0,36910558,34468.0,1272162,60,0.0
Mozambique,231994,2233,0,229761,0,0.96,0.0,0.0,31255435,7423.0,231404,590,0.25
Namibia,170496,4083,0,166413,0,2.39,0.0,0.0,2540916,67100.0,170496,0,0.0
Nauru,4621,1,0,4620,0,0.02,0.0,0.0,10834,426528.0,4621,0,0.0
Nepal,1001092,12020,0,989072,0,1.2,0.0,0.0,29136808,34358.0,1001075,17,0.0
Netherlands,8694054,23702,0,8670352,0,0.27,0.0,0.0,34882427,249239.0,8692332,1722,0.02
New Zealand,2179528,2470,0,2177058,0,0.11,0.0,0.0,4841342,450191.0,2165651,13877,0.64
Nicaragua,15569,245,0,15324,28,1.57,0.0,0.0,6624554,2350.0,15541,28,0.18
Niger,9508,315,0,9193,0,3.31,0.0,0.0,24206636,393.0,9506,2,0.02
Nigeria,266463,3155,0,263308,0,1.18,0.0,0.0,399640130,667.0,266463,0,0.0
North Macedonia,346428,9638,0,336790,0,2.78,0.0,0.0,2083380,166282.0,346297,131,0.04
Norway,1477715,5112,0,1472603,38,0.35,0.0,0.0,5421242,272579.0,1477357,358,0.02
Oman,399154,4628,0,394526,0,1.16,0.0,0.0,5106622,78164.0,399154,0,0.0
Pakistan,1576235,30640,0,1545595,0,1.94,0.0,0.0,428724125,3677.0,1576147,88,0.01
Palau,5986,9,0,5977,0,0.15,0.0,0.0,18008,332408.0,5986,0,0.0
Panama,1029061,8594,0,1020467,0,0.84,0.0,0.0,4314768,238497.0,1028272,789,0.08
Papua New Guinea,46663,669,0,45994,0,1.43,0.0,0.0,8947027,5215.0,46663,0,0.0
Paraguay,806256,19820,0,786436,0,2.46,0.0,0.0,7132530,113039.0,805486,770,0.1
Peru,4481101,218750,0,4262351,273,4.88,0.0,0.0,65597846,68312.0,4478692,2409,0.05
Philippines,4072844,65757,0,4007087,252,1.61,0.0,0.0,109581085,37167.0,4071540,1304,0.03
Poland,6378299,118715,0,6259584,519,1.86,0.0,0.0,76257753,83641.0,6375390,2909,0.05
Portugal,5563265,26002,0,5537263,376,0.47,0.0,0.0,10196707,545594.0,5562214,1051,0.02
Qatar,492234,686,0,491548,0,0.14,0.0,0.0,2881060,170852.0,491910,324,0.07
Romania,3322648,67542,0,3255106,0,2.03,0.0,0.0,38837451,85553.0,3319680,2968,0.09
Russia,21622390,386992,0,21235398,7171,1.79,0.0,0.0,292579178,73903.0,21579637,42753,0.2
Rwanda,133090,1468,0,131622,0,1.1,0.0,0.0,12952209,10275.0,133078,12,0.01
Saint Kitts and Nevis,6591,46,0,6545,0,0.7,0.0,0.0,53109,124103.0,6585,6,0.09
Saint Lucia,29803,409,0,29394,0,1.37,0.0,0.0,183629,162300.0,29761,42,0.14
Saint Vincent and the Grenadines,9581,123,0,9458,0,1.28,0.0,0.0,110854,86429.0,9572,9,0.09
Samoa,16022,29,0,15993,0,0.18,0.0,0.0,196130,81691.0,16022,0,0.0
San Marino,23403,122,0,23281,0,0.52,0.0,0.0,33938,689581.0,23370,33,0.14
Sao Tome and Principe,6279,77,0,6202,0,1.23,0.0,0.0,219159,28650.0,6279,0,0.0
Saudi Arabia,827828,9568,0,818260,21,1.16,0.0,0.0,34813867,23779.0,827578,250,0.03
Senegal,88900,1968,0,86932,0,2.21,0.0,0.0,16743930,5309.0,88900,0,0.0
Serbia,2470606,17683,0,2452923,2636,0.72,0.0,0.0,8737370,282763.0,2464509,6097,0.25
Seychelles,50355,172,0,50183,0,0.34,0.0,0.0,98340,512050.0,50355,0,0.0
Sierra Leone,7760,126,0,7634,0,1.62,0.0,0.0,7976985,973.0,7760,0,0.0
Singapore,2215889,1720,0,2214169,362,0.08,0.0,0.0,5850343,378762.0,2214064,1825,0.08
Slovakia,2660490,20935,0,2639555,113,0.79,0.0,0.0,10823892,245798.0,2659853,637,0.02
Slovenia,1321083,7056,0,1314027,236,0.53,0.0,0.0,2078932,635462.0,1319475,1608,0.12
Solomon Islands,24575,153,0,24422,0,0.62,0.0,0.0,652858,37642.0,24575,0,0.0
Somalia,27318,1361,0,25957,0,4.98,0.0,0.0,15893219,1719.0,27310,8,0.03
South Africa,4055284,102595,0,3952689,0,2.53,0.0,0.0,59308690,68376.0,4053796,1488,0.04
South Sudan,18368,138,0,18230,0,0.75,0.0,0.0,11193729,1641.0,18368,0,0.0
Spain,13731478,118434,0,13613044,0,0.86,0.0,0.0,93691843,146560.0,13722677,8801,0.06
Sri Lanka,671987,16826,0,655161,1,2.5,0.0,0.0,21413250,31382.0,671976,11,0.0
Sudan,63736,5001,0,58735,7,7.85,0.0,0.0,43849269,1454.0,63725,11,0.02
Summer Olympics 2020,865,0,0,865,0,0.0,0.0,0.0,0,153953.67346938775,865,0,0.0
Suriname,82020,1398,0,80622,0,1.7,0.0,0.0,586634,139815.0,82020,0,0.0
Sweden,2693458,23279,0,2670179,0,0.86,0.0,0.0,20426859,131859.0,2690473,2985,0.11
Switzerland,4406243,14244,0,4391999,0,0.32,0.0,0.0,8654618,509120.0,4406243,0,0.0
Syria,57453,3164,0,54289,3,5.51,0.0,0.0,17500657,3283.0,57441,12,0.02
Taiwan*,9455924,16224,0,9439700,27438,0.17,0.0,0.0,23806638,397197.0,9323771,132153,1.42
Tajikistan,17786,125,0,17661,0,0.7,0.0,0.0,9537642,1865.0,17786,0,0.0
Tanzania,42600,846,0,41754,0,1.99,0.0,0.0,59734213,713.0,42530,70,0.16
Thailand,4726512,33836,0,4692676,0,0.72,0.0,0.0,69799978,67715.0,4725885,627,0.01
Timor-Leste,23414,138,0,23276,2,0.59,0.0,0.0,1318442,17759.0,23409,5,0.02
Togo,39353,290,0,39063,0,0.74,0.0,0.0,8278737,4754.0,39353,0,0.0
Tonga,16734,13,0,16721,62,0.08,0.0,0.0,105697,158320.0,16590,144,0.87
Trinidad and Tobago,187585,4319,0,183266,0,2.3,0.0,0.0,1399491,134038.0,187204,381,0.2
Tunisia,1150278,29302,0,1120976,0,2.55,0.0,0.0,11818618,97328.0,1150217,61,0.01
Turkey,17042722,101492,0,16941230,0,0.6,0.0,0.0,84339067,202074.0,17042722,0,0.0
Tuvalu,2805,0,0,2805,0,0.0,0.0,0.0,11792,237873.0,2805,0,0.0
US,102280952,1107645,0,101173307,3849,1.08,0.0,0.0,330541757,309434.0,102011518,269434,0.26
Uganda,170328,3630,0,166698,0,2.13,0.0,0.0,45741000,3724.0,170279,49,0.03
Ukraine,5679221,118972,0,5560249,3147,2.09,0.0,0.0,89634808,63360.0,5675823,3398,0.06
United Arab Emirates,1049209,2348,0,1046861,87,0.22,0.0,0.0,9890400,106084.0,1048623,586,0.06
United Kingdom,24507298,218028,0,24289270,88,0.89,0.0,0.0,135034386,181489.0,24492024,15274,0.06
Uruguay,1031581,7601,0,1023980,0,0.74,0.0,0.0,3473727,296967.0,1029564,2017,0.2
Uzbekistan,250508,1637,0,248871,45,0.65,0.0,0.0,33469199,7485.0,250360,148,0.06
Vanuatu,12014,14,0,12000,0,0.12,0.0,0.0,292680,41048.0,12014,0,0.0
Venezuela,551399,5845,0,545554,0,1.06,0.0,0.0,28435943,19391.0,551204,195,0.04
Vietnam,11526395,43186,0,11483209,18,0.37,0.0,0.0,97338583,118415.0,11526318,77,0.0
West Bank and Gaza,703228,5708,0,697520,0,0.81,0.0,0.0,4543126,154789.0,703228,0,0.0
Winter Olympics 2022,535,0,0,535,0,0.0,0.0,0.0,0,153953.67346938775,535,0,0.0
Yemen,11945,2159,0,9786,0,18.07,0.0,0.0,29825968,400.0,11945,0,0.0
Zambia,340172,4044,0,336128,0,1.19,0.0,0.0,18383956,18504.0,338986,1186,0.35
Zimbabwe,261606,5652,0,255954,0,2.16,0.0,0.0,14862927,17601.0,259981,1625,0.63
