Country,Confirmed,Deaths,Recovered,Active,New Cases,Deaths / 100 Cases,Recovered / 100 Cases,Deaths / 100 Recovered,Population,Cases / Million People,Confirmed last week,1 week change,1 week % increase
Afghanistan,209036,7896,0,201140,25,3.78,0.0,0.0,38928341,5370.0,208721,315,0.15
Albania,334264,3596,0,330668,9,1.08,0.0,0.0,2877800,116153.0,334211,53,0.02
Algeria,271409,6881,0,264528,0,2.54,0.0,0.0,43851043,6189.0,271399,10,0.0
Andorra,47860,165,0,47695,0,0.34,0.0,0.0,77265,619427.0,47850,10,0.02
Angola,105184,1931,0,103253,0,1.84,0.0,0.0,32866268,3200.0,105184,0,0.0
Antarctica,11,0,0,11,0,0.0,0.0,0.0,0,154704.77040816325,11,0,0.0
Antigua and Barbuda,9106,146,0,8960,0,1.6,0.0,0.0,97928,92987.0,9106,0,0.0
Argentina,10042136,130448,0,9911688,0,1.3,0.0,0.0,45195777,222192.0,10040329,1807,0.02
Armenia,446332,8719,0,437613,0,1.95,0.0,0.0,2963234,150623.0,446008,324,0.07
Australia,11330342,19070,0,11311272,0,0.17,0.0,0.0,50919400,222515.0,11312904,17438,0.15
Austria,5837337,21795,0,5815542,5218,0.37,0.0,0.0,9006400,648132.0,5807176,30161,0.52
Azerbaijan,828251,10099,0,818152,16,1.22,0.0,0.0,10139175,81688.0,828106,145,0.02
Bahamas,37491,833,0,36658,0,2.22,0.0,0.0,393248,95337.0,37491,0,0.0
Bahrain,700835,1544,0,699291,0,0.22,0.0,0.0,1701583,411872.0,700835,0,0.0
Bangladesh,2037703,29445,0,2008258,15,1.45,0.0,0.0,164689383,12373.0,2037622,81,0.0
Barbados,106434,573,0,105861,0,0.54,0.0,0.0,287371,370371.0,106434,0,0.0
Belarus,994037,7118,0,986919,0,0.72,0.0,0.0,9449321,105197.0,994037,0,0.0
Belgium,4700949,33616,0,4667333,0,0.72,0.0,0.0,22985282,204520.0,4695403,5546,0.12
Belize,70721,688,0,70033,0,0.97,0.0,0.0,397621,177860.0,70697,24,0.03
Benin,27990,163,0,27827,0,0.58,0.0,0.0,12123198,2309.0,27989,1,0.0
Bhutan,62611,21,0,62590,0,0.03,0.0,0.0,771612,81143.0,62608,3,0.0
Bolivia,1191342,22355,0,1168987,170,1.88,0.0,0.0,11673029,102059.0,1189949,1393,0.12
Bosnia and Herzegovina,401499,16265,0,385234,27,4.05,0.0,0.0,3280815,122378.0,401444,55,0.01
Botswana,329595,2801,0,326794,0,0.85,0.0,0.0,2351625,140156.0,329494,101,0.03
Brazil,36953492,697762,0,36255730,0,1.89,0.0,0.0,422706534,87421.0,36887991,65501,0.18
Brunei,277441,225,0,277216,616,0.08,0.0,0.0,437483,634175.0,276067,1374,0.5
Bulgaria,1296009,38198,0,1257811,51,2.95,0.0,0.0,6948445,186518.0,1295701,308,0.02
Burkina Faso,22056,396,0,21660,0,1.8,0.0,0.0,20903278,1055.0,22025,31,0.14
Burma,633870,19490,0,614380,3,3.07,0.0,0.0,54409800,11650.0,633846,24,0.0
Burundi,53574,38,0,53536,0,0.07,0.0,0.0,11890781,4506.0,53492,82,0.15
Cabo Verde,63237,413,0,62824,2,0.65,0.0,0.0,555988,113738.0,63233,4,0.01
Cambodia,138705,3056,0,135649,0,2.2,0.0,0.0,16718971,8296.0,138698,7,0.01
Cameroon,123993,1965,0,122028,0,1.58,0.0,0.0,26545864,4671.0,123993,0,0.0
Canada,4582530,50998,0,4531532,957,1.11,0.0,0.0,76492216,59908.0,4573997,8533,0.19
Central African Republic,15368,113,0,15255,0,0.74,0.0,0.0,4829764,3182.0,15368,0,0.0
Chad,7661,194,0,7467,0,2.53,0.0,0.0,16425859,466.0,7652,9,0.12
Chile,5140809,64015,0,5076794,1005,1.25,0.0,0.0,36692988,140103.0,5130204,10605,0.21
China,4903517,101016,0,4802501,0,2.06,0.0,0.0,2829703778,1733.0,4903513,4,0.0
Colombia,6355637,142276,0,6213361,0,2.24,0.0,0.0,99141018,64107.0,6355135,502,0.01
Comoros,8992,161,0,8831,0,1.79,0.0,0.0,869595,10340.0,8992,0,0.0
Congo (Brazzaville),25073,388,0,24685,0,1.55,0.0,0.0,89561403,280.0,25073,0,0.0
Congo (Kinshasa),95646,1464,0,94182,0,1.53,0.0,0.0,5518087,17333.0,95585,61,0.06
Costa Rica,1194584,9195,0,1185389,4207,0.77,0.0,0.0,5094114,234503.0,1190377,4207,0.35
Cote d'Ivoire,88078,834,0,87244,14,0.95,0.0,0.0,26378274,3339.0,88014,64,0.07
Croatia,1268287,17932,0,1250355,55,1.41,0.0,0.0,4105268,308941.0,1267962,325,0.03
Cuba,1112525,8530,0,1103995,2,0.77,0.0,0.0,11326616,98222.0,1112494,31,0.0
Cyprus,645515,1293,0,644222,0,0.2,0.0,0.0,1207361,534650.0,644160,1355,0.21
Czechia,4596830,42358,0,4554472,1404,0.92,0.0,0.0,10708981,429250.0,4592556,4274,0.09
Denmark,3448354,8258,0,3440096,155,0.24,0.0,0.0,5942850,580253.0,3447384,970,0.03
Diamond Princess,712,13,0,699,0,1.83,0.0,0.0,0,154704.77040816325,712,0,0.0
Djibouti,15690,189,0,15501,0,1.2,0.0,0.0,988002,15881.0,15690,0,0.0
Dominica,15760,74,0,15686,0,0.47,0.0,0.0,71991,218916.0,15760,0,0.0
Dominican Republic,660485,4384,0,656101,56,0.66,0.0,0.0,10847904,60886.0,660339,146,0.02
Ecuador,1056578,36008,0,1020570,4571,3.41,0.0,0.0,17643060,59886.0,1052007,4571,0.43
Egypt,515698,24809,0,490889,0,4.81,0.0,0.0,102334403,5039.0,515645,53,0.01
El Salvador,201785,4230,0,197555,0,2.1,0.0,0.0,6486201,31110.0,201785,0,0.0
Equatorial Guinea,17212,183,0,17029,0,1.06,0.0,0.0,1402985,12268.0,17210,2,0.01
Eritrea,10189,103,0,10086,0,1.01,0.0,0.0,3546427,2873.0,10189,0,0.0
Estonia,614526,2926,0,611600,311,0.48,0.0,0.0,1326539,463255.0,614215,311,0.05
Eswatini,74158,1423,0,72735,0,1.92,0.0,0.0,1160164,63920.0,74143,15,0.02
Ethiopia,499794,7572,0,492222,12,1.52,0.0,0.0,114963583,4347.0,499689,105,0.02
Fiji,68864,883,0,67981,0,1.28,0.0,0.0,896444,76819.0,68848,16,0.02
Finland,1460857,8821,0,1452036,0,0.6,0.0,0.0,5540718,263658.0,1459198,1659,0.11
France,39775390,165663,0,39609727,4986,0.42,0.0,0.0,68128061,583833.0,39753017,22373,0.06
Gabon,48981,306,0,48675,0,0.62,0.0,0.0,2225728,22007.0,48981,0,0.0
Gambia,12586,372,0,12214,0,2.96,0.0,0.0,2416664,5208.0,12586,0,0.0
Georgia,1818861,16941,0,1801920,0,0.93,0.0,0.0,3989175,455949.0,1815871,2990,0.16
Germany,37949446,166999,0,37782447,20502,0.44,0.0,0.0,166310062,228185.0,37861703,87743,0.23
Ghana,171152,1462,0,169690,0,0.85,0.0,0.0,31072945,5508.0,171140,12,0.01
Greece,5548487,34779,0,5513708,0,0.63,0.0,0.0,10423056,532328.0,5548487,0,0.0
Grenada,19680,238,0,19442,0,1.21,0.0,0.0,112519,174904.0,19680,0,0.0
Guatemala,1232417,20152,0,1212265,429,1.64,0.0,0.0,17915567,68790.0,1230098,2319,0.19
Guinea,38240,467,0,37773,0,1.22,0.0,0.0,13132792,2912.0,38240,0,0.0
Guinea-Bissau,8953,176,0,8777,0,1.97,0.0,0.0,1967998,4549.0,8947,6,0.07
Guyana,73052,1298,0,71754,20,1.78,0.0,0.0,786559,92875.0,73003,49,0.07
Haiti,34076,860,0,33216,0,2.52,0.0,0.0,11402533,2988.0,34076,0,0.0
Holy See,29,0,0,29,0,0.0,0.0,0.0,809,35847.0,29,0,0.0
Honduras,471224,11107,0,460117,0,2.36,0.0,0.0,9904608,47576.0,471224,0,0.0
Hungary,2193272,48707,0,2144565,0,2.22,0.0,0.0,9660350,227039.0,2192448,824,0.04
Iceland,208921,211,0,208710,82,0.1,0.0,0.0,341250,612223.0,208839,82,0.04
India,44685601,530756,0,44154845,102,1.19,0.0,0.0,2751341248,16241.0,44684864,737,0.0
Indonesia,6733215,160873,0,6572342,247,2.39,0.0,0.0,273523621,24617.0,6731696,1519,0.02
Iran,7565865,144788,0,7421077,187,1.91,0.0,0.0,83992953,90077.0,7565025,840,0.01
Iraq,2465545,25375,0,2440170,0,1.03,0.0,0.0,40222503,61298.0,2465545,0,0.0
Ireland,1701617,8602,0,1693015,0,0.51,0.0,0.0,4937796,344611.0,1700817,800,0.05
Israel,4792484,12242,0,4780242,753,0.26,0.0,0.0,8655541,553690.0,4789485,2999,0.06
Italy,25519067,187551,0,25331516,0,0.73,0.0,0.0,120822834,211211.0,25488166,30901,0.12
Jamaica,154065,3500,0,150565,160,2.27,0.0,0.0,2961161,52029.0,153629,436,0.28
Japan,33012986,70931,0,32942055,32070,0.21,0.0,0.0,252643406,130670.0,32827214,185772,0.57
Jordan,1746997,14122,0,1732875,0,0.81,0.0,0.0,10203140,171222.0,1746997,0,0.0
Kazakhstan,1497449,19067,0,1478382,0,1.27,0.0,0.0,18776707,79750.0,1496549,900,0.06
Kenya,342849,5688,0,337161,0,1.66,0.0,0.0,53771300,6376.0,342817,32,0.01
Kiribati,5012,18,0,4994,4,0.36,0.0,0.0,117606,42617.0,5008,4,0.08
"Korea, North",1,6,0,-5,0,600.0,0.0,0.0,25778815,0.0,1,0,0.0
"Korea, South",30384701,33782,0,30350919,14957,0.11,0.0,0.0,51269183,592650.0,30297315,87386,0.29
Kosovo,272724,3206,0,269518,11,1.18,0.0,0.0,1793000,152105.0,272631,93,0.03
Kuwait,662858,2570,0,660288,0,0.39,0.0,0.0,4270563,155216.0,662858,0,0.0
Kyrgyzstan,206611,2991,0,203620,0,1.45,0.0,0.0,6524191,31668.0,206599,12,0.01
Laos,218001,758,0,217243,1,0.35,0.0,0.0,7275556,29963.0,217992,9,0.0
Latvia,975683,6246,0,969437,34,0.64,0.0,0.0,1886202,517274.0,975499,184,0.02
Lebanon,1230268,10805,0,1219463,0,0.88,0.0,0.0,6825442,180247.0,1229555,713,0.06
Lesotho,34790,723,0,34067,0,2.08,0.0,0.0,2142252,16240.0,34790,0,0.0
Liberia,8065,294,0,7771,0,3.65,0.0,0.0,5057677,1595.0,8062,3,0.04
Libya,507170,6437,0,500733,0,1.27,0.0,0.0,6871287,73810.0,507166,4,0.0
Liechtenstein,21374,89,0,21285,2,0.42,0.0,0.0,38137,560453.0,21359,15,0.07
Lithuania,1300592,9561,0,1291031,578,0.74,0.0,0.0,2722291,477756.0,1298497,2095,0.16
Luxembourg,315528,1214,0,314314,116,0.38,0.0,0.0,625976,504058.0,315074,454,0.14
MS Zaandam,9,2,0,7,0,22.22,0.0,0.0,0,154704.77040816325,9,0,0.0
Madagascar,67849,1421,0,66428,0,2.09,0.0,0.0,27691019,2450.0,67842,7,0.01
Malawi,88600,2686,0,85914,0,3.03,0.0,0.0,19129955,4631.0,88559,41,0.05
Malaysia,5039850,36953,0,5002897,200,0.73,0.0,0.0,64998698,77538.0,5038354,1496,0.03
Maldives,185723,311,0,185412,0,0.17,0.0,0.0,540542,343587.0,185721,2,0.0
Mali,32843,743,0,32100,10,2.26,0.0,0.0,20250834,1622.0,32810,33,0.1
Malta,117248,826,0,116422,82,0.7,0.0,0.0,441539,265544.0,117166,82,0.07
Marshall Islands,15590,17,0,15573,0,0.11,0.0,0.0,58413,266893.0,15584,6,0.04
Mauritania,63667,997,0,62670,0,1.57,0.0,0.0,4649660,13693.0,63665,2,0.0
Mauritius,295161,1044,0,294117,0,0.35,0.0,0.0,1271767,232087.0,294915,246,0.08
Mexico,7410093,332653,0,7077440,9245,4.49,0.0,0.0,255584572,28993.0,7390230,19863,0.27
Micronesia,23671,60,0,23611,0,0.25,0.0,0.0,113815,207978.0,22676,995,4.39
Moldova,600916,11964,0,588952,1338,1.99,0.0,0.0,8055380,74598.0,599578,1338,0.22
Monaco,16103,67,0,16036,6,0.42,0.0,0.0,39244,410330.0,16087,16,0.1
Mongolia,1007890,2136,0,1005754,0,0.21,0.0,0.0,3278292,307444.0,1007876,14,0.0
Montenegro,287070,2799,0,284271,104,0.98,0.0,0.0,628062,457073.0,286617,453,0.16
Morocco,1272344,16296,0,1256048,5,1.28,0.0,0.0,36910558,34471.0,1272299,45,0.0
Mozambique,232819,2237,0,230582,0,0.96,0.0,0.0,31255435,7449.0,232819,0,0.0
Namibia,171059,4090,0,166969,0,2.39,0.0,0.0,2540916,67322.0,170741,318,0.19
Nauru,5121,1,0,5120,306,0.02,0.0,0.0,10834,472679.0,4621,500,10.82
Nepal,1001118,12020,0,989098,2,1.2,0.0,0.0,29136808,34359.0,1001107,11,0.0
Netherlands,8700605,23705,0,8676900,1547,0.27,0.0,0.0,34882427,249427.0,8697673,2932,0.03
New Zealand,2207348,2515,0,2204833,0,0.11,0.0,0.0,4841342,455937.0,2198982,8366,0.38
Nicaragua,15612,245,0,15367,0,1.57,0.0,0.0,6624554,2357.0,15592,20,0.13
Niger,9508,315,0,9193,0,3.31,0.0,0.0,24206636,393.0,9508,0,0.0
Nigeria,266463,3155,0,263308,0,1.18,0.0,0.0,399640130,667.0,266463,0,0.0
North Macedonia,346733,9653,0,337080,200,2.78,0.0,0.0,2083380,166428.0,346533,200,0.06
Norway,1478434,5152,0,1473282,39,0.35,0.0,0.0,5421242,272711.0,1478148,286,0.02
Oman,399449,4628,0,394821,0,1.16,0.0,0.0,5106622,78222.0,399449,0,0.0
Pakistan,1576572,30640,0,1545932,21,1.94,0.0,0.0,428724125,3677.0,1576426,146,0.01
Palau,5988,9,0,5979,0,0.15,0.0,0.0,18008,332519.0,5987,1,0.02
Panama,1030658,8600,0,1022058,0,0.83,0.0,0.0,4314768,238868.0,1030214,444,0.04
Papua New Guinea,46792,670,0,46122,16,1.43,0.0,0.0,8947027,5230.0,46750,42,0.09
Paraguay,806790,19843,0,786947,0,2.46,0.0,0.0,7132530,113114.0,806662,128,0.02
Peru,4484029,219293,0,4264736,300,4.89,0.0,0.0,65597846,68356.0,4482852,1177,0.03
Philippines,4074821,65968,0,4008853,0,1.62,0.0,0.0,109581085,37185.0,4073980,841,0.02
Poland,6392257,118785,0,6273472,2316,1.86,0.0,0.0,76257753,83824.0,6384670,7587,0.12
Portugal,5566314,26103,0,5540211,835,0.47,0.0,0.0,10196707,545893.0,5564925,1389,0.02
Qatar,492966,686,0,492280,0,0.14,0.0,0.0,2881060,171106.0,492833,133,0.03
Romania,3331005,67650,0,3263355,0,2.03,0.0,0.0,38837451,85768.0,3327805,3200,0.1
Russia,21783243,387654,0,21395589,9761,1.78,0.0,0.0,292579178,74452.0,21702774,80469,0.37
Rwanda,133148,1468,0,131680,0,1.1,0.0,0.0,12952209,10280.0,133090,58,0.04
Saint Kitts and Nevis,6595,46,0,6549,1,0.7,0.0,0.0,53109,124179.0,6592,3,0.05
Saint Lucia,29882,409,0,29473,0,1.37,0.0,0.0,183629,162730.0,29882,0,0.0
Saint Vincent and the Grenadines,9589,123,0,9466,2,1.28,0.0,0.0,110854,86501.0,9587,2,0.02
Samoa,16402,29,0,16373,0,0.18,0.0,0.0,196130,83628.0,16109,293,1.82
San Marino,23494,122,0,23372,26,0.52,0.0,0.0,33938,692262.0,23468,26,0.11
Sao Tome and Principe,6280,77,0,6203,0,1.23,0.0,0.0,219159,28655.0,6280,0,0.0
Saudi Arabia,828662,9595,0,819067,67,1.16,0.0,0.0,34813867,23803.0,828294,368,0.04
Senegal,88906,1971,0,86935,0,2.22,0.0,0.0,16743930,5310.0,88902,4,0.0
Serbia,2481396,17744,0,2463652,908,0.72,0.0,0.0,8737370,283998.0,2476392,5004,0.2
Seychelles,50665,172,0,50493,0,0.34,0.0,0.0,98340,515202.0,50665,0,0.0
Sierra Leone,7760,126,0,7634,0,1.62,0.0,0.0,7976985,973.0,7760,0,0.0
Singapore,2222006,1722,0,2220284,0,0.08,0.0,0.0,5850343,379808.0,2220062,1944,0.09
Slovakia,2662668,20986,0,2641682,315,0.79,0.0,0.0,10823892,245999.0,2661623,1045,0.04
Slovenia,1324306,7065,0,1317241,490,0.53,0.0,0.0,2078932,637013.0,1322911,1395,0.11
Solomon Islands,24575,153,0,24422,0,0.62,0.0,0.0,652858,37642.0,24575,0,0.0
Somalia,27324,1361,0,25963,2,4.98,0.0,0.0,15893219,1719.0,27322,2,0.01
South Africa,4059348,102595,0,3956753,382,2.53,0.0,0.0,59308690,68444.0,4057211,2137,0.05
South Sudan,18368,138,0,18230,0,0.75,0.0,0.0,11193729,1641.0,18368,0,0.0
Spain,13748918,118976,0,13629942,0,0.87,0.0,0.0,93691843,146746.0,13740531,8387,0.06
Sri Lanka,672015,16829,0,655186,3,2.5,0.0,0.0,21413250,31383.0,672003,12,0.0
Sudan,63775,5011,0,58764,0,7.86,0.0,0.0,43849269,1454.0,63759,16,0.03
Summer Olympics 2020,865,0,0,865,0,0.0,0.0,0.0,0,154704.77040816325,865,0,0.0
Suriname,82227,1400,0,80827,0,1.7,0.0,0.0,586634,140167.0,82227,0,0.0
Sweden,2696168,23563,0,2672605,0,0.87,0.0,0.0,20426859,131991.0,2694893,1275,0.05
Switzerland,4409828,14202,0,4395626,995,0.32,0.0,0.0,8654618,509535.0,4408833,995,0.02
Syria,57461,3164,0,54297,8,5.51,0.0,0.0,17500657,3283.0,57453,8,0.01
Taiwan*,9842257,17193,0,9825064,20502,0.17,0.0,0.0,23806638,413425.0,9708863,133394,1.37
Tajikistan,17786,125,0,17661,0,0.7,0.0,0.0,9537642,1865.0,17786,0,0.0
Tanzania,42717,846,0,41871,0,1.98,0.0,0.0,59734213,715.0,42664,53,0.12
Thailand,4727628,33894,0,4693734,0,0.72,0.0,0.0,69799978,67731.0,4727236,392,0.01
Timor-Leste,23417,138,0,23279,0,0.59,0.0,0.0,1318442,17761.0,23416,1,0.0
Togo,39362,290,0,39072,0,0.74,0.0,0.0,8278737,4755.0,39358,4,0.01
Tonga,16795,13,0,16782,0,0.08,0.0,0.0,105697,158898.0,16779,16,0.1
Trinidad and Tobago,188511,4336,0,184175,312,2.3,0.0,0.0,1399491,134700.0,187908,603,0.32
Tunisia,1150606,29326,0,1121280,129,2.55,0.0,0.0,11818618,97355.0,1150477,129,0.01
Turkey,17042722,101492,0,16941230,0,0.6,0.0,0.0,84339067,202074.0,17042722,0,0.0
Tuvalu,2805,0,0,2805,0,0.0,0.0,0.0,11792,237873.0,2805,0,0.0
US,102925558,1115127,0,101810431,46680,1.08,0.0,0.0,330541757,311384.0,102673296,252262,0.25
Uganda,170464,3630,0,166834,0,2.13,0.0,0.0,45741000,3727.0,170400,64,0.04
Ukraine,5687118,119093,0,5568025,65,2.09,0.0,0.0,89634808,63448.0,5682773,4345,0.08
United Arab Emirates,1050549,2348,0,1048201,147,0.22,0.0,0.0,9890400,106219.0,1049944,605,0.06
United Kingdom,24549112,219176,0,24329936,15,0.89,0.0,0.0,135034386,181799.0,24526807,22305,0.09
Uruguay,1033766,7617,0,1026149,501,0.74,0.0,0.0,3473727,297596.0,1033265,501,0.05
Uzbekistan,250799,1637,0,249162,0,0.65,0.0,0.0,33469199,7493.0,250681,118,0.05
Vanuatu,12014,14,0,12000,0,0.12,0.0,0.0,292680,41048.0,12014,0,0.0
Venezuela,551804,5851,0,545953,3,1.06,0.0,0.0,28435943,19405.0,551647,157,0.03
Vietnam,11526754,43186,0,11483568,50,0.37,0.0,0.0,97338583,118419.0,11526591,163,0.0
West Bank and Gaza,703228,5708,0,697520,0,0.81,0.0,0.0,4543126,154789.0,703228,0,0.0
Winter Olympics 2022,535,0,0,535,0,0.0,0.0,0.0,0,154704.77040816325,535,0,0.0
Yemen,11945,2159,0,9786,0,18.07,0.0,0.0,29825968,400.0,11945,0,0.0
Zambia,342317,4051,0,338266,0,1.18,0.0,0.0,18383956,18620.0,341690,627,0.18
Zimbabwe,263083,5659,0,257424,0,2.15,0.0,0.0,14862927,17701.0,262324,759,0.29
