Country,Confirmed,Deaths,Recovered,Active,New Cases,Deaths / 100 Cases,Recovered / 100 Cases,Deaths / 100 Recovered,Population,Cases / Million People,Confirmed last week,1 week change,1 week % increase
Afghanistan,204510,7829,0,196681,93,3.83,0.0,0.0,38928341,5253.0,203681,829,0.41
Albania,333156,3593,0,329563,18,1.08,0.0,0.0,2877800,115768.0,333055,101,0.03
Algeria,270939,6881,0,264058,10,2.54,0.0,0.0,43851043,6179.0,270873,66,0.02
Andorra,46664,155,0,46509,0,0.33,0.0,0.0,77265,603947.0,46588,76,0.16
Angola,103131,1917,0,101214,0,1.86,0.0,0.0,32866268,3138.0,103131,0,0.0
Antarctica,11,0,0,11,0,0.0,0.0,0.0,0,147893.20408163266,11,0,0.0
Antigua and Barbuda,9106,146,0,8960,0,1.6,0.0,0.0,97928,92987.0,9106,0,0.0
Argentina,9721718,130011,0,9591707,1486,1.34,0.0,0.0,45195777,215102.0,9720232,1486,0.02
Armenia,445397,8709,0,436688,0,1.96,0.0,0.0,2963234,150308.0,445242,155,0.03
Australia,10484025,15870,0,10468155,4811,0.15,0.0,0.0,50919400,205895.0,10420857,63168,0.61
Austria,5491252,21093,0,5470159,2876,0.38,0.0,0.0,9006400,609706.0,5466250,25002,0.46
Azerbaijan,823721,9963,0,813758,33,1.21,0.0,0.0,10139175,81241.0,823533,188,0.02
Bahamas,37436,833,0,36603,3,2.23,0.0,0.0,393248,95197.0,37386,50,0.13
Bahrain,693492,1532,0,691960,231,0.22,0.0,0.0,1701583,407557.0,691760,1732,0.25
Bangladesh,2036166,29427,0,2006739,35,1.45,0.0,0.0,164689383,12364.0,2035828,338,0.02
Barbados,103424,560,0,102864,0,0.54,0.0,0.0,287371,359897.0,103424,0,0.0
Belarus,994037,7118,0,986919,0,0.72,0.0,0.0,9449321,105197.0,994037,0,0.0
Belgium,4622723,32976,0,4589747,0,0.71,0.0,0.0,22985282,201117.0,4617315,5408,0.12
Belize,68972,687,0,68285,0,1.0,0.0,0.0,397621,173462.0,68957,15,0.02
Benin,27912,163,0,27749,0,0.58,0.0,0.0,12123198,2302.0,27782,130,0.47
Bhutan,62430,21,0,62409,0,0.03,0.0,0.0,771612,80909.0,62380,50,0.08
Bolivia,1109822,22243,0,1087579,0,2.0,0.0,0.0,11673029,95076.0,1109601,221,0.02
Bosnia and Herzegovina,400185,16184,0,384001,0,4.04,0.0,0.0,3280815,121977.0,400043,142,0.04
Botswana,326344,2790,0,323554,0,0.85,0.0,0.0,2351625,138774.0,326344,0,0.0
Brazil,34908198,688656,0,34219542,0,1.97,0.0,0.0,422706534,82583.0,34849063,59135,0.17
Brunei,244599,225,0,244374,0,0.09,0.0,0.0,437483,559105.0,241044,3555,1.47
Bulgaria,1283572,37954,0,1245618,77,2.96,0.0,0.0,6948445,184728.0,1281252,2320,0.18
Burkina Faso,21631,387,0,21244,0,1.79,0.0,0.0,20903278,1035.0,21631,0,0.0
Burma,632679,19486,0,613193,44,3.08,0.0,0.0,54409800,11628.0,632274,405,0.06
Burundi,50574,38,0,50536,0,0.08,0.0,0.0,11890781,4253.0,50470,104,0.21
Cabo Verde,62693,410,0,62283,21,0.65,0.0,0.0,555988,112760.0,62561,132,0.21
Cambodia,137996,3056,0,134940,0,2.21,0.0,0.0,16718971,8254.0,137995,1,0.0
Cameroon,123993,1965,0,122028,0,1.58,0.0,0.0,26545864,4671.0,123629,364,0.29
Canada,4403371,47282,0,4356089,514,1.07,0.0,0.0,76492216,57566.0,4384773,18598,0.42
Central African Republic,15289,113,0,15176,0,0.74,0.0,0.0,4829764,3166.0,15260,29,0.19
Chad,7631,194,0,7437,0,2.54,0.0,0.0,16425859,465.0,7627,4,0.05
Chile,4838658,62008,0,4776650,5820,1.28,0.0,0.0,36692988,131869.0,4793902,44756,0.93
China,3108324,16081,0,3092243,8210,0.52,0.0,0.0,2829703778,1098.0,3002843,105481,3.51
Colombia,6311359,141862,0,6169497,0,2.25,0.0,0.0,99141018,63660.0,6310332,1027,0.02
Comoros,8879,161,0,8718,0,1.81,0.0,0.0,869595,10211.0,8762,117,1.34
Congo (Brazzaville),24837,386,0,24451,0,1.55,0.0,0.0,89561403,277.0,24837,0,0.0
Congo (Kinshasa),93467,1447,0,92020,0,1.55,0.0,0.0,5518087,16938.0,93219,248,0.27
Costa Rica,1140864,9019,0,1131845,0,0.79,0.0,0.0,5094114,223957.0,1138416,2448,0.22
Cote d'Ivoire,87851,829,0,87022,0,0.94,0.0,0.0,26378274,3330.0,87830,21,0.02
Croatia,1250099,17223,0,1232876,156,1.38,0.0,0.0,4105268,304511.0,1248609,1490,0.12
Cuba,1111321,8530,0,1102791,4,0.77,0.0,0.0,11326616,98116.0,1111296,25,0.0
Cyprus,606287,1210,0,605077,0,0.2,0.0,0.0,1207361,502159.0,602662,3625,0.6
Czechia,4165248,41713,0,4123535,117,1.0,0.0,0.0,10708981,388949.0,4161711,3537,0.08
Denmark,3388326,7483,0,3380843,0,0.22,0.0,0.0,5942850,570152.0,3384093,4233,0.13
Diamond Princess,712,13,0,699,0,1.83,0.0,0.0,0,147893.20408163266,712,0,0.0
Djibouti,15690,189,0,15501,0,1.2,0.0,0.0,988002,15881.0,15690,0,0.0
Dominica,15760,74,0,15686,0,0.47,0.0,0.0,71991,218916.0,15760,0,0.0
Dominican Republic,647717,4384,0,643333,0,0.68,0.0,0.0,10847904,59709.0,647425,292,0.05
Ecuador,1009388,35935,0,973453,0,3.56,0.0,0.0,17643060,57212.0,1009044,344,0.03
Egypt,515645,24798,0,490847,0,4.81,0.0,0.0,102334403,5039.0,515645,0,0.0
El Salvador,201785,4230,0,197555,0,2.1,0.0,0.0,6486201,31110.0,201785,0,0.0
Equatorial Guinea,17182,183,0,16999,0,1.07,0.0,0.0,1402985,12247.0,17174,8,0.05
Eritrea,10189,103,0,10086,0,1.01,0.0,0.0,3546427,2873.0,10189,0,0.0
Estonia,607844,2757,0,605087,0,0.45,0.0,0.0,1326539,458218.0,607300,544,0.09
Eswatini,73708,1422,0,72286,90,1.93,0.0,0.0,1160164,63532.0,73558,150,0.2
Ethiopia,494185,7572,0,486613,5,1.53,0.0,0.0,114963583,4299.0,494042,143,0.03
Fiji,68287,878,0,67409,0,1.29,0.0,0.0,896444,76175.0,68270,17,0.02
Finland,1372651,6913,0,1365738,0,0.5,0.0,0.0,5540718,247739.0,1360721,11930,0.88
France,37288432,158711,0,37129721,0,0.43,0.0,0.0,68128061,547329.0,37140238,148194,0.4
Gabon,48945,306,0,48639,0,0.63,0.0,0.0,2225728,21991.0,48945,0,0.0
Gambia,12580,372,0,12208,0,2.96,0.0,0.0,2416664,5206.0,12580,0,0.0
Georgia,1785138,16912,0,1768226,0,0.95,0.0,0.0,3989175,447496.0,1785138,0,0.0
Germany,36033395,155588,0,35877807,0,0.43,0.0,0.0,166310062,216664.0,35823771,209624,0.59
Ghana,170894,1460,0,169434,0,0.85,0.0,0.0,31072945,5500.0,170894,0,0.0
Greece,5250288,33888,0,5216400,0,0.65,0.0,0.0,10423056,503719.0,5188890,61398,1.18
Grenada,19613,237,0,19376,0,1.21,0.0,0.0,112519,174308.0,19604,9,0.05
Guatemala,1145374,19922,0,1125452,158,1.74,0.0,0.0,17915567,63932.0,1142521,2853,0.25
Guinea,38122,458,0,37664,0,1.2,0.0,0.0,13132792,2903.0,38047,75,0.2
Guinea-Bissau,8848,176,0,8672,0,1.99,0.0,0.0,1967998,4496.0,8848,0,0.0
Guyana,71471,1281,0,70190,3,1.79,0.0,0.0,786559,90865.0,71447,24,0.03
Haiti,33832,860,0,32972,4,2.54,0.0,0.0,11402533,2967.0,33828,4,0.01
Holy See,29,0,0,29,0,0.0,0.0,0.0,809,35847.0,29,0,0.0
Honduras,457406,11041,0,446365,0,2.41,0.0,0.0,9904608,46181.0,457196,210,0.05
Hungary,2153564,48111,0,2105453,0,2.23,0.0,0.0,9660350,222928.0,2141513,12051,0.56
Iceland,206803,219,0,206584,0,0.11,0.0,0.0,341250,606016.0,206571,232,0.11
India,44666924,530532,0,44136392,552,1.19,0.0,0.0,2751341248,16235.0,44661504,5420,0.01
Indonesia,6561504,159104,0,6402400,4877,2.42,0.0,0.0,273523621,23989.0,6521292,40212,0.62
Iran,7558950,144612,0,7414338,57,1.91,0.0,0.0,83992953,89995.0,7558142,808,0.01
Iraq,2461857,25361,0,2436496,0,1.03,0.0,0.0,40222503,61206.0,2461484,373,0.02
Ireland,1675723,8100,0,1667623,0,0.48,0.0,0.0,4937796,339367.0,1673665,2058,0.12
Israel,4695853,11788,0,4684065,0,0.25,0.0,0.0,8655541,542526.0,4689152,6701,0.14
Italy,23823192,179985,0,23643207,0,0.76,0.0,0.0,120822834,197175.0,23642011,181181,0.77
Jamaica,152306,3350,0,148956,0,2.2,0.0,0.0,2961161,51435.0,151931,375,0.25
Japan,23203855,47685,0,23156170,68894,0.21,0.0,0.0,252643406,91844.0,22702372,501483,2.21
Jordan,1746997,14122,0,1732875,0,0.81,0.0,0.0,10203140,171222.0,1746997,0,0.0
Kazakhstan,1485203,19053,0,1466150,0,1.28,0.0,0.0,18776707,79098.0,1484932,271,0.02
Kenya,340431,5680,0,334751,60,1.67,0.0,0.0,53771300,6331.0,339756,675,0.2
Kiribati,3430,13,0,3417,0,0.38,0.0,0.0,117606,29165.0,3430,0,0.0
"Korea, North",1,6,0,-5,0,600.0,0.0,0.0,25778815,0.0,1,0,0.0
"Korea, South",26217994,29709,0,26188285,23765,0.11,0.0,0.0,51269183,511379.0,25856910,361084,1.4
Kosovo,272195,3202,0,268993,1,1.18,0.0,0.0,1793000,151810.0,272180,15,0.01
Kuwait,662359,2569,0,659790,0,0.39,0.0,0.0,4270563,155099.0,662073,286,0.04
Kyrgyzstan,206464,2991,0,203473,0,1.45,0.0,0.0,6524191,31646.0,206452,12,0.01
Laos,216363,758,0,215605,6,0.35,0.0,0.0,7275556,29738.0,216286,77,0.04
Latvia,956780,6076,0,950704,0,0.64,0.0,0.0,1886202,507252.0,954230,2550,0.27
Lebanon,1219608,10721,0,1208887,35,0.88,0.0,0.0,6825442,178686.0,1219141,467,0.04
Lesotho,34490,706,0,33784,0,2.05,0.0,0.0,2142252,16100.0,34490,0,0.0
Liberia,7998,294,0,7704,0,3.68,0.0,0.0,5057677,1581.0,7996,2,0.03
Libya,507060,6437,0,500623,0,1.27,0.0,0.0,6871287,73794.0,507051,9,0.0
Liechtenstein,20750,87,0,20663,0,0.42,0.0,0.0,38137,544091.0,20663,87,0.42
Lithuania,1271487,9407,0,1262080,21,0.74,0.0,0.0,2722291,467065.0,1269772,1715,0.14
Luxembourg,303571,1151,0,302420,0,0.38,0.0,0.0,625976,484956.0,303025,546,0.18
MS Zaandam,9,2,0,7,0,22.22,0.0,0.0,0,147893.20408163266,9,0,0.0
Madagascar,66859,1411,0,65448,71,2.11,0.0,0.0,27691019,2414.0,66788,71,0.11
Malawi,88073,2685,0,85388,0,3.05,0.0,0.0,19129955,4604.0,88099,-26,-0.03
Malaysia,4948817,36548,0,4912269,2234,0.74,0.0,0.0,64998698,76137.0,4927451,21366,0.43
Maldives,185454,309,0,185145,0,0.17,0.0,0.0,540542,343089.0,185364,90,0.05
Mali,32745,742,0,32003,0,2.27,0.0,0.0,20250834,1617.0,32738,7,0.02
Malta,115597,808,0,114789,10,0.7,0.0,0.0,441539,261805.0,115469,128,0.11
Marshall Islands,15389,17,0,15372,0,0.11,0.0,0.0,58413,263452.0,15389,0,0.0
Mauritania,63412,997,0,62415,0,1.57,0.0,0.0,4649660,13638.0,63399,13,0.02
Mauritius,268397,1033,0,267364,0,0.38,0.0,0.0,1271767,211043.0,265301,3096,1.17
Mexico,7116424,330430,0,6785994,0,4.64,0.0,0.0,255584572,27844.0,7113658,2766,0.04
Micronesia,22203,58,0,22145,0,0.26,0.0,0.0,113815,195080.0,22203,0,0.0
Moldova,594163,11900,0,582263,0,2.0,0.0,0.0,8055380,73760.0,593816,347,0.06
Monaco,15071,65,0,15006,0,0.43,0.0,0.0,39244,384033.0,15005,66,0.44
Mongolia,986599,2131,0,984468,0,0.22,0.0,0.0,3278292,300949.0,985445,1154,0.12
Montenegro,283320,2788,0,280532,20,0.98,0.0,0.0,628062,451102.0,283089,231,0.08
Morocco,1266617,16283,0,1250334,56,1.29,0.0,0.0,36910558,34316.0,1265998,619,0.05
Mozambique,230475,2224,0,228251,0,0.96,0.0,0.0,31255435,7374.0,230475,0,0.0
Namibia,169946,4080,0,165866,0,2.4,0.0,0.0,2540916,66884.0,169946,0,0.0
Nauru,4611,1,0,4610,0,0.02,0.0,0.0,10834,425605.0,4611,0,0.0
Nepal,1000806,12019,0,988787,14,1.2,0.0,0.0,29136808,34349.0,1000734,72,0.01
Netherlands,8639735,23525,0,8616210,0,0.27,0.0,0.0,34882427,247682.0,8632865,6870,0.08
New Zealand,1900505,2155,0,1898350,21572,0.11,0.0,0.0,4841342,392557.0,1878933,21572,1.15
Nicaragua,15203,245,0,14958,0,1.61,0.0,0.0,6624554,2295.0,15186,17,0.11
Niger,9430,314,0,9116,0,3.33,0.0,0.0,24206636,390.0,9428,2,0.02
Nigeria,266242,3155,0,263087,0,1.19,0.0,0.0,399640130,666.0,266192,50,0.02
North Macedonia,344342,9564,0,334778,0,2.78,0.0,0.0,2083380,165280.0,344146,196,0.06
Norway,1466568,4286,0,1462282,45,0.29,0.0,0.0,5421242,270523.0,1465631,937,0.06
Oman,398775,4628,0,394147,0,1.16,0.0,0.0,5106622,78090.0,398775,0,0.0
Pakistan,1574679,30629,0,1544050,41,1.95,0.0,0.0,428724125,3673.0,1574407,272,0.02
Palau,5572,7,0,5565,42,0.13,0.0,0.0,18008,309418.0,5513,59,1.07
Panama,991251,8509,0,982742,0,0.86,0.0,0.0,4314768,229734.0,990413,838,0.08
Papua New Guinea,45721,668,0,45053,0,1.46,0.0,0.0,8947027,5110.0,45550,171,0.38
Paraguay,718049,19608,0,698441,0,2.73,0.0,0.0,7132530,100672.0,717980,69,0.01
Peru,4172486,217192,0,3955294,648,5.21,0.0,0.0,65597846,63607.0,4161617,10869,0.26
Philippines,4018253,64387,0,3953866,1852,1.6,0.0,0.0,109581085,36669.0,4009466,8787,0.22
Poland,6346312,118210,0,6228102,84,1.86,0.0,0.0,76257753,83222.0,6343775,2537,0.04
Portugal,5531172,25339,0,5505833,0,0.46,0.0,0.0,10196707,542447.0,5525459,5713,0.1
Qatar,473694,684,0,473010,254,0.14,0.0,0.0,2881060,164417.0,471357,2337,0.5
Romania,3291730,67236,0,3224494,141,2.04,0.0,0.0,38837451,84757.0,3289184,2546,0.08
Russia,21194442,383134,0,20811308,5303,1.81,0.0,0.0,292579178,72440.0,21158672,35770,0.17
Rwanda,132611,1467,0,131144,0,1.11,0.0,0.0,12952209,10238.0,132584,27,0.02
Saint Kitts and Nevis,6552,46,0,6506,0,0.7,0.0,0.0,53109,123369.0,6549,3,0.05
Saint Lucia,29676,408,0,29268,0,1.37,0.0,0.0,183629,161608.0,29654,22,0.07
Saint Vincent and the Grenadines,9459,116,0,9343,0,1.23,0.0,0.0,110854,85328.0,9459,0,0.0
Samoa,15949,29,0,15920,0,0.18,0.0,0.0,196130,81319.0,15946,3,0.02
San Marino,21739,119,0,21620,0,0.55,0.0,0.0,33938,640550.0,21662,77,0.36
Sao Tome and Principe,6275,77,0,6198,0,1.23,0.0,0.0,219159,28632.0,6270,5,0.08
Saudi Arabia,824513,9433,0,815080,75,1.14,0.0,0.0,34813867,23683.0,823624,889,0.11
Senegal,88832,1968,0,86864,0,2.22,0.0,0.0,16743930,5305.0,88679,153,0.17
Serbia,2413142,17310,0,2395832,392,0.72,0.0,0.0,8737370,276186.0,2408606,4536,0.19
Seychelles,49380,171,0,49209,0,0.35,0.0,0.0,98340,502135.0,49380,0,0.0
Sierra Leone,7758,126,0,7632,0,1.62,0.0,0.0,7976985,973.0,7754,4,0.05
Singapore,2140099,1695,0,2138404,1501,0.08,0.0,0.0,5850343,365807.0,2123328,16771,0.79
Slovakia,2646860,20676,0,2626184,120,0.78,0.0,0.0,10823892,244539.0,2645118,1742,0.07
Slovenia,1242314,6899,0,1235415,184,0.56,0.0,0.0,2078932,597573.0,1237884,4430,0.36
Solomon Islands,21544,153,0,21391,0,0.71,0.0,0.0,652858,33000.0,21544,0,0.0
Somalia,27254,1361,0,25893,0,4.99,0.0,0.0,15893219,1715.0,27243,11,0.04
South Africa,4033182,102371,0,3930811,0,2.54,0.0,0.0,59308690,68003.0,4029942,3240,0.08
South Sudan,18325,138,0,18187,0,0.75,0.0,0.0,11193729,1637.0,18318,7,0.04
Spain,13551539,115357,0,13436182,0,0.85,0.0,0.0,93691843,144639.0,13529643,21896,0.16
Sri Lanka,671417,16784,0,654633,11,2.5,0.0,0.0,21413250,31355.0,671328,89,0.01
Sudan,63561,4980,0,58581,0,7.83,0.0,0.0,43849269,1450.0,63509,52,0.08
Summer Olympics 2020,865,0,0,865,0,0.0,0.0,0.0,0,147893.20408163266,865,0,0.0
Suriname,81228,1392,0,79836,0,1.71,0.0,0.0,586634,138465.0,81228,0,0.0
Sweden,2618688,20857,0,2597831,0,0.8,0.0,0.0,20426859,128198.0,2614997,3691,0.14
Switzerland,4276848,14097,0,4262751,0,0.33,0.0,0.0,8654618,494169.0,4255891,20957,0.49
Syria,57378,3163,0,54215,0,5.51,0.0,0.0,17500657,3279.0,57367,11,0.02
Taiwan*,8034295,13562,0,8020733,18597,0.17,0.0,0.0,23806638,337481.0,7887538,146757,1.86
Tajikistan,17786,125,0,17661,0,0.7,0.0,0.0,9537642,1865.0,17786,0,0.0
Tanzania,40152,845,0,39307,0,2.1,0.0,0.0,59734213,672.0,40054,98,0.24
Thailand,4698373,33037,0,4665336,3166,0.7,0.0,0.0,69799978,67312.0,4695207,3166,0.07
Timor-Leste,23312,138,0,23174,0,0.59,0.0,0.0,1318442,17681.0,23303,9,0.04
Togo,39319,290,0,39029,0,0.74,0.0,0.0,8278737,4749.0,39311,8,0.02
Tonga,16182,12,0,16170,0,0.07,0.0,0.0,105697,153098.0,16182,0,0.0
Trinidad and Tobago,184949,4257,0,180692,0,2.3,0.0,0.0,1399491,132154.0,184854,95,0.05
Tunisia,1146702,29263,0,1117439,0,2.55,0.0,0.0,11818618,97025.0,1146593,109,0.01
Turkey,16919638,101203,0,16818435,0,0.6,0.0,0.0,84339067,200614.0,16919638,0,0.0
Tuvalu,1259,0,0,1259,793,0.0,0.0,0.0,11792,106767.0,163,1096,672.39
US,97997389,1074485,0,96922904,2034,1.1,0.0,0.0,330541757,296475.0,97749152,248237,0.25
Uganda,169473,3630,0,165843,0,2.14,0.0,0.0,45741000,3705.0,169473,0,0.0
Ukraine,5618142,118076,0,5500066,61,2.1,0.0,0.0,89634808,62678.0,5617810,332,0.01
United Arab Emirates,1041027,2348,0,1038679,206,0.23,0.0,0.0,9890400,105256.0,1039353,1674,0.16
United Kingdom,24179656,211417,0,23968239,0,0.87,0.0,0.0,135034386,179063.0,24155154,24502,0.1
Uruguay,991219,7526,0,983693,0,0.76,0.0,0.0,3473727,285347.0,990560,659,0.07
Uzbekistan,244878,1637,0,243241,0,0.67,0.0,0.0,33469199,7317.0,244739,139,0.06
Vanuatu,11981,14,0,11967,0,0.12,0.0,0.0,292680,40935.0,11981,0,0.0
Venezuela,546384,5824,0,540560,0,1.07,0.0,0.0,28435943,19215.0,546110,274,0.05
Vietnam,11508689,43166,0,11465523,242,0.38,0.0,0.0,97338583,118234.0,11505849,2840,0.02
West Bank and Gaza,703036,5708,0,697328,0,0.81,0.0,0.0,4543126,154747.0,703036,0,0.0
Winter Olympics 2022,535,0,0,535,0,0.0,0.0,0.0,0,147893.20408163266,535,0,0.0
Yemen,11945,2159,0,9786,0,18.07,0.0,0.0,29825968,400.0,11945,0,0.0
Zambia,333685,4017,0,329668,0,1.2,0.0,0.0,18383956,18151.0,333685,0,0.0
Zimbabwe,257893,5606,0,252287,0,2.17,0.0,0.0,14862927,17351.0,257893,0,0.0
