Country,Confirmed,Deaths,Recovered,Active,New Cases,Deaths / 100 Cases,Recovered / 100 Cases,Deaths / 100 Recovered,Population,Cases / Million People,Confirmed last week,1 week change,1 week % increase
Afghanistan,199690,7803,0,191887,145,3.91,0.0,0.0,38928341,5130.0,198750,940,0.47
Albania,332337,3589,0,328748,47,1.08,0.0,0.0,2877800,115483.0,332066,271,0.08
Algeria,270690,6879,0,263811,8,2.54,0.0,0.0,43851043,6173.0,270654,36,0.01
Andorra,46227,155,0,46072,0,0.34,0.0,0.0,77265,598292.0,46147,80,0.17
Angola,103131,1917,0,101214,0,1.86,0.0,0.0,32866268,3138.0,103131,0,0.0
Antarctica,11,0,0,11,0,0.0,0.0,0.0,0,143794.64285714287,11,0,0.0
Antigua and Barbuda,9098,146,0,8952,0,1.6,0.0,0.0,97928,92905.0,9089,9,0.1
Argentina,9711355,129937,0,9581418,0,1.34,0.0,0.0,45195777,214873.0,9708420,2935,0.03
Armenia,443785,8691,0,435094,0,1.96,0.0,0.0,2963234,149764.0,442875,910,0.21
Australia,10244727,15234,0,10229493,1532,0.15,0.0,0.0,50919400,201195.0,10207587,37140,0.36
Austria,5176787,20767,0,5156020,13853,0.4,0.0,0.0,9006400,574790.0,5090354,86433,1.7
Azerbaijan,821757,9921,0,811836,96,1.21,0.0,0.0,10139175,81048.0,820998,759,0.09
Bahamas,37309,833,0,36476,0,2.23,0.0,0.0,393248,94874.0,37267,42,0.11
Bahrain,682114,1520,0,680594,439,0.22,0.0,0.0,1701583,400870.0,679560,2554,0.38
Bangladesh,2027565,29372,0,1998193,657,1.45,0.0,0.0,164689383,12311.0,2023145,4420,0.22
Barbados,102580,560,0,102020,0,0.55,0.0,0.0,287371,356960.0,102488,92,0.09
Belarus,994037,7118,0,986919,0,0.72,0.0,0.0,9449321,105197.0,994037,0,0.0
Belgium,4553333,32690,0,4520643,0,0.72,0.0,0.0,22985282,198098.0,4533249,20084,0.44
Belize,68884,686,0,68198,30,1.0,0.0,0.0,397621,173240.0,68826,58,0.08
Benin,27638,163,0,27475,0,0.59,0.0,0.0,12123198,2280.0,27638,0,0.0
Bhutan,62095,21,0,62074,0,0.03,0.0,0.0,771612,80474.0,61969,126,0.2
Bolivia,1108472,22237,0,1086235,57,2.01,0.0,0.0,11673029,94960.0,1107963,509,0.05
Bosnia and Herzegovina,398796,16138,0,382658,0,4.05,0.0,0.0,3280815,121554.0,398506,290,0.07
Botswana,326329,2789,0,323540,0,0.85,0.0,0.0,2351625,138767.0,326308,21,0.01
Brazil,34684529,686371,0,33998158,0,1.98,0.0,0.0,422706534,82053.0,34638288,46241,0.13
Brunei,229665,225,0,229440,1909,0.1,0.0,0.0,437483,524969.0,226237,3428,1.52
Bulgaria,1262224,37733,0,1224491,937,2.99,0.0,0.0,6948445,181656.0,1257149,5075,0.4
Burkina Faso,21631,387,0,21244,0,1.79,0.0,0.0,20903278,1035.0,21631,0,0.0
Burma,622802,19459,0,603343,0,3.12,0.0,0.0,54409800,11447.0,622042,760,0.12
Burundi,50193,38,0,50155,0,0.08,0.0,0.0,11890781,4221.0,50129,64,0.13
Cabo Verde,62383,410,0,61973,7,0.66,0.0,0.0,555988,112202.0,62368,15,0.02
Cambodia,137897,3056,0,134841,4,2.22,0.0,0.0,16718971,8248.0,137856,41,0.03
Cameroon,121652,1935,0,119717,0,1.59,0.0,0.0,26545864,4583.0,121652,0,0.0
Canada,4287508,45486,0,4242022,4343,1.06,0.0,0.0,76492216,56052.0,4267612,19896,0.47
Central African Republic,14923,113,0,14810,0,0.76,0.0,0.0,4829764,3090.0,14913,10,0.07
Chad,7590,193,0,7397,0,2.54,0.0,0.0,16425859,462.0,7581,9,0.12
Chile,4634889,61227,0,4573662,1761,1.32,0.0,0.0,36692988,126315.0,4612278,22611,0.49
China,2775058,15416,0,2759642,4199,0.56,0.0,0.0,2829703778,981.0,2742421,32637,1.19
Colombia,6307372,141794,0,6165578,0,2.25,0.0,0.0,99141018,63620.0,6306552,820,0.01
Comoros,8471,161,0,8310,0,1.9,0.0,0.0,869595,9741.0,8471,0,0.0
Congo (Brazzaville),24837,386,0,24451,0,1.55,0.0,0.0,89561403,277.0,24837,0,0.0
Congo (Kinshasa),92893,1443,0,91450,0,1.55,0.0,0.0,5518087,16834.0,92852,41,0.04
Costa Rica,1117989,8970,0,1109019,0,0.8,0.0,0.0,5094114,219467.0,1117989,0,0.0
Cote d'Ivoire,87316,826,0,86490,23,0.95,0.0,0.0,26378274,3310.0,87159,157,0.18
Croatia,1234358,16930,0,1217428,571,1.37,0.0,0.0,4105268,300677.0,1229570,4788,0.39
Cuba,1111207,8530,0,1102677,1,0.77,0.0,0.0,11326616,98106.0,1111164,43,0.0
Cyprus,587994,1182,0,586812,0,0.2,0.0,0.0,1207361,487008.0,585313,2681,0.46
Czechia,4113902,41142,0,4072760,0,1.0,0.0,0.0,10708981,384154.0,4099713,14189,0.35
Denmark,3350564,7137,0,3343427,1517,0.21,0.0,0.0,5942850,563798.0,3341961,8603,0.26
Diamond Princess,712,13,0,699,0,1.83,0.0,0.0,0,143794.64285714287,712,0,0.0
Djibouti,15690,189,0,15501,0,1.2,0.0,0.0,988002,15881.0,15690,0,0.0
Dominica,15747,74,0,15673,0,0.47,0.0,0.0,71991,218736.0,15747,0,0.0
Dominican Republic,646209,4384,0,641825,257,0.68,0.0,0.0,10847904,59570.0,644356,1853,0.29
Ecuador,1005521,35899,0,969622,0,3.57,0.0,0.0,17643060,56992.0,1003778,1743,0.17
Egypt,515645,24797,0,490848,0,4.81,0.0,0.0,102334403,5039.0,515645,0,0.0
El Salvador,201785,4229,0,197556,0,2.1,0.0,0.0,6486201,31110.0,201785,0,0.0
Equatorial Guinea,17016,183,0,16833,0,1.08,0.0,0.0,1402985,12128.0,17010,6,0.04
Eritrea,10173,103,0,10070,0,1.01,0.0,0.0,3546427,2869.0,10169,4,0.04
Estonia,603347,2692,0,600655,1354,0.45,0.0,0.0,1326539,454828.0,601869,1478,0.25
Eswatini,73410,1422,0,71988,0,1.94,0.0,0.0,1160164,63276.0,73390,20,0.03
Ethiopia,493627,7572,0,486055,11,1.53,0.0,0.0,114963583,4294.0,493534,93,0.02
Fiji,68242,878,0,67364,0,1.29,0.0,0.0,896444,76125.0,68234,8,0.01
Finland,1292940,5981,0,1286959,0,0.46,0.0,0.0,5540718,233352.0,1287044,5896,0.46
France,35790213,156312,0,35633901,89189,0.44,0.0,0.0,68128061,525337.0,35456751,333462,0.94
Gabon,48713,306,0,48407,0,0.63,0.0,0.0,2225728,21886.0,48691,22,0.05
Gambia,12508,372,0,12136,0,2.97,0.0,0.0,2416664,5176.0,12508,0,0.0
Georgia,1780691,16900,0,1763791,0,0.95,0.0,0.0,3989175,446381.0,1780691,0,0.0
Germany,33519761,150192,0,33369569,133532,0.45,0.0,0.0,166310062,201550.0,33137143,382618,1.15
Ghana,169685,1459,0,168226,0,0.86,0.0,0.0,31072945,5461.0,169100,585,0.35
Greece,4975067,33200,0,4941867,54875,0.67,0.0,0.0,10423056,477314.0,4920192,54875,1.12
Grenada,19536,237,0,19299,0,1.21,0.0,0.0,112519,173624.0,19536,0,0.0
Guatemala,1126214,19811,0,1106403,927,1.76,0.0,0.0,17915567,62862.0,1121231,4983,0.44
Guinea,37909,453,0,37456,0,1.19,0.0,0.0,13132792,2887.0,37652,257,0.68
Guinea-Bissau,8796,175,0,8621,0,1.99,0.0,0.0,1967998,4470.0,8796,0,0.0
Guyana,71353,1281,0,70072,2,1.8,0.0,0.0,786559,90715.0,71322,31,0.04
Haiti,33756,857,0,32899,0,2.54,0.0,0.0,11402533,2960.0,33733,23,0.07
Holy See,29,0,0,29,0,0.0,0.0,0.0,809,35847.0,29,0,0.0
Honduras,456391,10993,0,445398,0,2.41,0.0,0.0,9904608,46079.0,456391,0,0.0
Hungary,2094142,47503,0,2046639,0,2.27,0.0,0.0,9660350,216777.0,2082750,11392,0.55
Iceland,205823,213,0,205610,186,0.1,0.0,0.0,341250,603144.0,205637,186,0.09
India,44601892,528733,0,44073159,2426,1.19,0.0,0.0,2751341248,16211.0,44579088,22804,0.05
Indonesia,6437750,158156,0,6279594,2031,2.46,0.0,0.0,273523621,23536.0,6425849,11901,0.19
Iran,7550401,144458,0,7405943,380,1.91,0.0,0.0,83992953,89893.0,7547706,2695,0.04
Iraq,2460572,25356,0,2435216,254,1.03,0.0,0.0,40222503,61174.0,2459982,590,0.02
Ireland,1663653,7942,0,1655711,0,0.48,0.0,0.0,4937796,336922.0,1662008,1645,0.1
Israel,4666011,11706,0,4654305,744,0.25,0.0,0.0,8655541,539078.0,4659133,6878,0.15
Italy,22602840,177257,0,22425583,60272,0.78,0.0,0.0,120822834,187074.0,22358487,244353,1.09
Jamaica,151931,3320,0,148611,0,2.19,0.0,0.0,2961161,51308.0,151752,179,0.12
Japan,21413721,45212,0,21368509,39723,0.21,0.0,0.0,252643406,84759.0,21165123,248598,1.17
Jordan,1746997,14122,0,1732875,0,0.81,0.0,0.0,10203140,171222.0,1746997,0,0.0
Kazakhstan,1483793,19052,0,1464741,29,1.28,0.0,0.0,18776707,79023.0,1483313,480,0.03
Kenya,338455,5678,0,332777,6,1.68,0.0,0.0,53771300,6294.0,338404,51,0.02
Kiribati,3430,13,0,3417,0,0.38,0.0,0.0,117606,29165.0,3430,0,0.0
"Korea, North",1,6,0,-5,0,600.0,0.0,0.0,25778815,0.0,1,0,0.0
"Korea, South",24882894,28544,0,24854350,34710,0.11,0.0,0.0,51269183,485338.0,24709789,173105,0.7
Kosovo,272079,3200,0,268879,1,1.18,0.0,0.0,1793000,151745.0,272051,28,0.01
Kuwait,658520,2563,0,655957,0,0.39,0.0,0.0,4270563,154200.0,658520,0,0.0
Kyrgyzstan,206160,2991,0,203169,0,1.45,0.0,0.0,6524191,31599.0,206083,77,0.04
Laos,215926,758,0,215168,17,0.35,0.0,0.0,7275556,29678.0,215821,105,0.05
Latvia,933476,6006,0,927470,991,0.64,0.0,0.0,1886202,494897.0,925883,7593,0.82
Lebanon,1216190,10681,0,1205509,48,0.88,0.0,0.0,6825442,178185.0,1215148,1042,0.09
Lesotho,34490,706,0,33784,0,2.05,0.0,0.0,2142252,16100.0,34490,0,0.0
Liberia,7974,294,0,7680,0,3.69,0.0,0.0,5057677,1577.0,7961,13,0.16
Libya,507008,6437,0,500571,3,1.27,0.0,0.0,6871287,73786.0,506988,20,0.0
Liechtenstein,19883,86,0,19797,24,0.43,0.0,0.0,38137,521357.0,19612,271,1.38
Lithuania,1253167,9330,0,1243837,1757,0.74,0.0,0.0,2722291,460335.0,1246398,6769,0.54
Luxembourg,292788,1131,0,291657,1030,0.39,0.0,0.0,625976,467730.0,290464,2324,0.8
MS Zaandam,9,2,0,7,0,22.22,0.0,0.0,0,143794.64285714287,9,0,0.0
Madagascar,66684,1410,0,65274,0,2.11,0.0,0.0,27691019,2408.0,66676,8,0.01
Malawi,88034,2682,0,85352,4,3.05,0.0,0.0,19129955,4602.0,88005,29,0.03
Malaysia,4846592,36385,0,4810207,901,0.75,0.0,0.0,64998698,74564.0,4834560,12032,0.25
Maldives,185082,308,0,184774,0,0.17,0.0,0.0,540542,342401.0,185042,40,0.02
Mali,32686,742,0,31944,3,2.27,0.0,0.0,20250834,1614.0,32622,64,0.2
Malta,114757,806,0,113951,27,0.7,0.0,0.0,441539,259902.0,114605,152,0.13
Marshall Islands,15305,17,0,15288,0,0.11,0.0,0.0,58413,262014.0,15275,30,0.2
Mauritania,62840,995,0,61845,11,1.58,0.0,0.0,4649660,13515.0,62797,43,0.07
Mauritius,262648,1026,0,261622,0,0.39,0.0,0.0,1271767,206522.0,261976,672,0.26
Mexico,7090965,330139,0,6760826,0,4.66,0.0,0.0,255584572,27744.0,7082034,8931,0.13
Micronesia,14466,33,0,14433,0,0.23,0.0,0.0,113815,127101.0,10083,4383,43.47
Moldova,590752,11858,0,578894,1315,2.01,0.0,0.0,8055380,73336.0,589437,1315,0.22
Monaco,14666,63,0,14603,44,0.43,0.0,0.0,39244,373713.0,14586,80,0.55
Mongolia,983275,2131,0,981144,271,0.22,0.0,0.0,3278292,299935.0,982726,549,0.06
Montenegro,280715,2782,0,277933,158,0.99,0.0,0.0,628062,446954.0,279663,1052,0.38
Morocco,1265008,16278,0,1248730,30,1.29,0.0,0.0,36910558,34272.0,1264903,105,0.01
Mozambique,230312,2222,0,228090,0,0.96,0.0,0.0,31255435,7369.0,230219,93,0.04
Namibia,169253,4080,0,165173,0,2.41,0.0,0.0,2540916,66611.0,169253,0,0.0
Nauru,4611,1,0,4610,0,0.02,0.0,0.0,10834,425605.0,4611,0,0.0
Nepal,999829,12018,0,987811,40,1.2,0.0,0.0,29136808,34315.0,999656,173,0.02
Netherlands,8551775,23305,0,8528470,10488,0.27,0.0,0.0,34882427,245160.0,8532727,19048,0.22
New Zealand,1795894,2039,0,1793855,0,0.11,0.0,0.0,4841342,370950.0,1785945,9949,0.56
Nicaragua,15070,245,0,14825,0,1.63,0.0,0.0,6624554,2275.0,15045,25,0.17
Niger,9411,313,0,9098,3,3.33,0.0,0.0,24206636,389.0,9395,16,0.17
Nigeria,265505,3155,0,262350,74,1.19,0.0,0.0,399640130,664.0,265316,189,0.07
North Macedonia,343143,9539,0,333604,74,2.78,0.0,0.0,2083380,164705.0,342696,447,0.13
Norway,1462647,4121,0,1458526,87,0.28,0.0,0.0,5421242,269799.0,1462164,483,0.03
Oman,398424,4628,0,393796,0,1.16,0.0,0.0,5106622,78021.0,397993,431,0.11
Pakistan,1572778,30619,0,1542159,180,1.95,0.0,0.0,428724125,3669.0,1572410,368,0.02
Palau,5460,6,0,5454,0,0.11,0.0,0.0,18008,303199.0,5460,0,0.0
Panama,987613,8502,0,979111,0,0.86,0.0,0.0,4314768,228891.0,986866,747,0.08
Papua New Guinea,45010,668,0,44342,0,1.48,0.0,0.0,8947027,5031.0,44981,29,0.06
Paraguay,716543,19591,0,696952,0,2.73,0.0,0.0,7132530,100461.0,716059,484,0.07
Peru,4146000,216626,0,3929374,551,5.22,0.0,0.0,65597846,63203.0,4142104,3896,0.09
Philippines,3957112,63078,0,3894034,1354,1.59,0.0,0.0,109581085,36111.0,3941656,15456,0.39
Poland,6302275,117631,0,6184644,4619,1.87,0.0,0.0,76257753,82644.0,6280530,21745,0.35
Portugal,5499469,25063,0,5474406,1343,0.46,0.0,0.0,10196707,539338.0,5481669,17800,0.32
Qatar,454244,682,0,453562,748,0.15,0.0,0.0,2881060,157666.0,448750,5494,1.22
Romania,3272010,67054,0,3204956,1419,2.05,0.0,0.0,38837451,84249.0,3264771,7239,0.22
Russia,20793041,379829,0,20413212,21503,1.83,0.0,0.0,292579178,71068.0,20569954,223087,1.08
Rwanda,132504,1467,0,131037,0,1.11,0.0,0.0,12952209,10230.0,132496,8,0.01
Saint Kitts and Nevis,6545,46,0,6499,1,0.7,0.0,0.0,53109,123237.0,6543,2,0.03
Saint Lucia,29517,400,0,29117,109,1.36,0.0,0.0,183629,160743.0,29408,109,0.37
Saint Vincent and the Grenadines,9448,116,0,9332,0,1.23,0.0,0.0,110854,85229.0,9448,0,0.0
Samoa,15941,29,0,15912,0,0.18,0.0,0.0,196130,81278.0,15925,16,0.1
San Marino,20892,118,0,20774,64,0.56,0.0,0.0,33938,615593.0,20729,163,0.79
Sao Tome and Principe,6230,77,0,6153,0,1.24,0.0,0.0,219159,28427.0,6230,0,0.0
Saudi Arabia,816975,9360,0,807615,155,1.15,0.0,0.0,34813867,23467.0,816130,845,0.1
Senegal,88408,1968,0,86440,0,2.23,0.0,0.0,16743930,5280.0,88355,53,0.06
Serbia,2369245,17042,0,2352203,2230,0.72,0.0,0.0,8737370,271162.0,2354273,14972,0.64
Seychelles,47141,169,0,46972,0,0.36,0.0,0.0,98340,479368.0,46358,783,1.69
Sierra Leone,7751,126,0,7625,0,1.63,0.0,0.0,7976985,972.0,7751,0,0.0
Singapore,1924139,1624,0,1922515,7146,0.08,0.0,0.0,5850343,328893.0,1897307,26832,1.41
Slovakia,2627964,20465,0,2607499,1214,0.78,0.0,0.0,10823892,242793.0,2622211,5753,0.22
Slovenia,1191573,6827,0,1184746,3981,0.57,0.0,0.0,2078932,573166.0,1175643,15930,1.36
Solomon Islands,21544,153,0,21391,0,0.71,0.0,0.0,652858,33000.0,21544,0,0.0
Somalia,27216,1361,0,25855,0,5.0,0.0,0.0,15893219,1712.0,27214,2,0.01
South Africa,4019800,102185,0,3917615,723,2.54,0.0,0.0,59308690,67778.0,4018102,1698,0.04
South Sudan,17823,138,0,17685,0,0.77,0.0,0.0,11193729,1592.0,17823,0,0.0
Spain,13431098,114262,0,13316836,8114,0.85,0.0,0.0,93691843,143354.0,13412263,18835,0.14
Sri Lanka,670813,16764,0,654049,8,2.5,0.0,0.0,21413250,31327.0,670732,81,0.01
Sudan,63285,4961,0,58324,0,7.84,0.0,0.0,43849269,1443.0,63285,0,0.0
Summer Olympics 2020,865,0,0,865,0,0.0,0.0,0.0,0,143794.64285714287,865,0,0.0
Suriname,81114,1385,0,79729,8,1.71,0.0,0.0,586634,138270.0,81106,8,0.01
Sweden,2588441,20225,0,2568216,0,0.78,0.0,0.0,20426859,126718.0,2583370,5071,0.2
Switzerland,4129096,14010,0,4115086,25137,0.34,0.0,0.0,8654618,477097.0,4103959,25137,0.61
Syria,57314,3163,0,54151,1,5.52,0.0,0.0,17500657,3275.0,57284,30,0.05
Taiwan*,6630642,11232,0,6619410,49525,0.17,0.0,0.0,23806638,278521.0,6324578,306064,4.84
Tajikistan,17786,125,0,17661,0,0.7,0.0,0.0,9537642,1865.0,17786,0,0.0
Tanzania,39440,845,0,38595,0,2.14,0.0,0.0,59734213,660.0,39341,99,0.25
Thailand,4682132,32771,0,4649361,0,0.7,0.0,0.0,69799978,67079.0,4679022,3110,0.07
Timor-Leste,23257,138,0,23119,0,0.59,0.0,0.0,1318442,17640.0,23253,4,0.02
Togo,39116,285,0,38831,11,0.73,0.0,0.0,8278737,4725.0,38987,129,0.33
Tonga,16182,12,0,16170,0,0.07,0.0,0.0,105697,153098.0,16182,0,0.0
Trinidad and Tobago,183181,4207,0,178974,0,2.3,0.0,0.0,1399491,130891.0,182597,584,0.32
Tunisia,1145829,29254,0,1116575,143,2.55,0.0,0.0,11818618,96951.0,1145686,143,0.01
Turkey,16873793,101139,0,16772654,0,0.6,0.0,0.0,84339067,200071.0,16873793,0,0.0
Tuvalu,20,0,0,20,0,0.0,0.0,0.0,11792,1696.0,20,0,0.0
US,96494285,1060499,0,95433786,54136,1.1,0.0,0.0,330541757,291928.0,96183027,311258,0.32
Uganda,169396,3630,0,165766,0,2.14,0.0,0.0,45741000,3703.0,169396,0,0.0
Ukraine,5479048,117043,0,5362005,184,2.14,0.0,0.0,89634808,61126.0,5432840,46208,0.85
United Arab Emirates,1029082,2346,0,1026736,365,0.23,0.0,0.0,9890400,104049.0,1026244,2838,0.28
United Kingdom,23893624,207908,0,23685716,127,0.87,0.0,0.0,135034386,176945.0,23842049,51575,0.22
Uruguay,986446,7495,0,978951,0,0.76,0.0,0.0,3473727,283973.0,985422,1024,0.1
Uzbekistan,244257,1637,0,242620,12,0.67,0.0,0.0,33469199,7298.0,244173,84,0.03
Vanuatu,11974,14,0,11960,0,0.12,0.0,0.0,292680,40912.0,11950,24,0.2
Venezuela,544884,5816,0,539068,0,1.07,0.0,0.0,28435943,19162.0,544620,264,0.05
Vietnam,11482334,43151,0,11439183,1020,0.38,0.0,0.0,97338583,117963.0,11475321,7013,0.06
West Bank and Gaza,702768,5707,0,697061,0,0.81,0.0,0.0,4543126,154688.0,702768,0,0.0
Winter Olympics 2022,535,0,0,535,0,0.0,0.0,0.0,0,143794.64285714287,535,0,0.0
Yemen,11935,2157,0,9778,0,18.07,0.0,0.0,29825968,400.0,11935,0,0.0
Zambia,333555,4017,0,329538,0,1.2,0.0,0.0,18383956,18144.0,333503,52,0.02
Zimbabwe,257568,5603,0,251965,30,2.18,0.0,0.0,14862927,17330.0,257376,192,0.07
